   1     0.10000000     1.10000000     1.10517092
   2     0.20000000     1.20000000     1.22140276
   3     0.30000000     1.30000000     1.34985881
   4     0.40000000     1.40000000     1.49182470
   5     0.50000000     1.50000000     1.64872127
   6     0.60000000     1.60000000     1.82211880
   7     0.70000000     1.70000000     2.01375271
   8     0.80000000     1.80000000     2.22554093
   9     0.90000000     1.90000000     2.45960311
  10     1.00000000     2.00000000     2.71828183
  11     1.10000000     2.10000000     3.00416602
  12     1.20000000     2.20000000     3.32011692
  13     1.30000000     2.30000000     3.66929667
  14     1.40000000     2.40000000     4.05519997
  15     1.50000000     2.50000000     4.48168907
  16     1.60000000     2.60000000     4.95303242
  17     1.70000000     2.70000000     5.47394739
  18     1.80000000     2.80000000     6.04964746
  19     1.90000000     2.90000000     6.68589444
  20     2.00000000     3.00000000     7.38905610
