   1	     1.00000000     0.00000000     0.98505292     0.09884740     1.99050502     0.19471654 
   2	     2.00000000     0.00000000     0.96045548     0.19474447     1.96210017     0.38763574 
   3	     3.00000000     0.00000000     0.92664365     0.28676079     1.91503990     0.57692505 
   4	     4.00000000     0.00000000     0.88414195     0.37402310     1.84975597     0.76078384 
   5	     5.00000000     0.00000000     0.83355644     0.45572364     1.76685365     0.93746055 
   6	     6.00000000     0.00000000     0.77556689     0.53112758     1.66710639     1.10526940 
   7	     7.00000000     0.00000000     0.71091836     0.59957965     1.55144875     1.26260649 
   8	     8.00000000     0.00000000     0.64041217     0.66050977     1.42096791     1.40796522 
   9	     9.00000000     0.00000000     0.56489640     0.71343764     1.27689356     1.53995080 
  10	    10.00000000     0.00000000     0.48525601     0.75797639     1.12058658     1.65729374 
  11	    11.00000000     0.00000000     0.40240280     0.79383506     0.95352631     1.75886216 
  12	    12.00000000     0.00000000     0.31726509     0.82082009     0.77729671     1.84367287 
  13	    13.00000000     0.00000000     0.23077757     0.83883568     0.59357151     1.91090103 
  14	    14.00000000     0.00000000     0.14387104     0.84788308     0.40409840     1.95988832 
  15	    15.00000000     0.00000000     0.05746253     0.84805889     0.21068257     1.99014960 
  16	    16.00000000     0.00000000    -0.02755440     0.83955230     0.01516952     2.00137789 
  17	    17.00000000     0.00000000    -0.11031886     0.82264137    -0.18057238     1.99344762 
  18	    18.00000000     0.00000000    -0.19001140     0.79768843    -0.37466979     1.96641630 
  19	    19.00000000     0.00000000    -0.26586212     0.76513460    -0.56526224     1.92052426 
  20	    20.00000000     0.00000000    -0.33715816     0.72549352    -0.75051998     1.85619281 
  21	    21.00000000     0.00000000    -0.40325039     0.67934444    -0.92866154     1.77402053 
  22	    22.00000000     0.00000000    -0.46355932     0.62732468    -1.09797095     1.67477796 
  23	    23.00000000     0.00000000    -0.51758016     0.57012153    -1.25681426     1.55940056 
  24	    24.00000000     0.00000000    -0.56488691     0.50846376    -1.40365542     1.42898008 
  25	    25.00000000     0.00000000    -0.60513557     0.44311287    -1.53707123     1.28475442 
  26	    26.00000000     0.00000000    -0.63806635     0.37485401    -1.65576525     1.12809608 
  27	    27.00000000     0.00000000    -0.66350490     0.30448687    -1.75858049     0.96049923 
  28	    28.00000000     0.00000000    -0.68136264     0.23281654    -1.84451089     0.78356564 
  29	    29.00000000     0.00000000    -0.69163597     0.16064448    -1.91271130     0.59898948 
  30	    30.00000000     0.00000000    -0.69440474     0.08875963    -1.96250594     0.40854123 
  31	    31.00000000     0.00000000    -0.68982961     0.01792988    -1.99339531     0.21405077 
  32	    32.00000000     0.00000000    -0.67814871    -0.05110611    -2.00506136     0.01738990 
  33	    33.00000000     0.00000000    -0.65967336    -0.11764662    -1.99737098    -0.17954562 
  34	    34.00000000     0.00000000    -0.63478311    -0.18103402    -1.97037768    -0.37485432 
  35	    35.00000000     0.00000000    -0.60392006    -0.24066130    -1.92432144    -0.56664734 
  36	    36.00000000     0.00000000    -0.56758258    -0.29597790    -1.85962686    -0.75306675 
  37	    37.00000000     0.00000000    -0.52631846    -0.34649478    -1.77689944    -0.93230352 
  38	    38.00000000     0.00000000    -0.48071769    -0.39178878    -1.67692010    -1.10261515 
  39	    39.00000000     0.00000000    -0.43140479    -0.43150600    -1.56063805    -1.26234267 
  40	    40.00000000     0.00000000    -0.37903095    -0.46536447    -1.42916193    -1.40992691 
  41	    41.00000000     0.00000000    -0.32426596    -0.49315584    -1.28374944    -1.54392379 
  42	    42.00000000     0.00000000    -0.26779011    -0.51474623    -1.12579550    -1.66301858 
  43	    43.00000000     0.00000000    -0.21028604    -0.53007622    -0.95681897    -1.76603896 
  44	    44.00000000     0.00000000    -0.15243076    -0.53915988    -0.77844825    -1.85196668 
  45	    45.00000000     0.00000000    -0.09488792    -0.54208310    -0.59240564    -1.91994781 
  46	    46.00000000     0.00000000    -0.03830025    -0.53900096    -0.40049090    -1.96930140 
  47	    47.00000000     0.00000000     0.01671750    -0.53013446    -0.20456385    -1.99952648 
  48	    48.00000000     0.00000000     0.06958521    -0.51576640    -0.00652644    -2.01030732 
  49	    49.00000000     0.00000000     0.11976353    -0.49623676     0.19169566    -2.00151694 
  50	    50.00000000     0.00000000     0.16675938    -0.47193729     0.38817175    -1.97321873 
  51	    51.00000000     0.00000000     0.21013086    -0.44330577     0.58098493    -1.92566629 
  52	    52.00000000     0.00000000     0.24949135    -0.41081969     0.76825078    -1.85930139 
  53	    53.00000000     0.00000000     0.28451305    -0.37498961     0.94813586    -1.77475000 
  54	    54.00000000     0.00000000     0.31492953    -0.33635226     1.11887569    -1.67281672 
  55	    55.00000000     0.00000000     0.34053770    -0.29546336     1.27879210    -1.55447718 
  56	    56.00000000     0.00000000     0.36119881    -0.25289050     1.42630991    -1.42086901 
  57	    57.00000000     0.00000000     0.37683874    -0.20920578     1.55997245    -1.27328100 
  58	    58.00000000     0.00000000     0.38744750    -0.16497876     1.67845618    -1.11314087 
  59	    59.00000000     0.00000000     0.39307784    -0.12076934     1.78058384    -0.94200156 
  60	    60.00000000     0.00000000     0.39384327    -0.07712108     1.86533638    -0.76152638 
  61	    61.00000000     0.00000000     0.38991522    -0.03455467     1.93186325    -0.57347289 
  62	    62.00000000     0.00000000     0.38151964     0.00643805     1.97949115    -0.37967590 
  63	    63.00000000     0.00000000     0.36893285     0.04539975     2.00773098    -0.18202965 
  64	    64.00000000     0.00000000     0.35247696     0.08191263     2.01628310     0.01753063 
  65	    65.00000000     0.00000000     0.33251472     0.11560292     2.00504067     0.21704769 
  66	    66.00000000     0.00000000     0.30944393     0.14614473     1.97409113     0.41456136 
  67	    67.00000000     0.00000000     0.28369152     0.17326322     1.92371578     0.60812789 
  68	    68.00000000     0.00000000     0.25570738     0.19673708     1.85438741     0.79583903 
  69	    69.00000000     0.00000000     0.22595792     0.21640028     1.76676613     0.97584096 
  70	    70.00000000     0.00000000     0.19491961     0.23214310     1.66169325     1.14635261 
  71	    71.00000000     0.00000000     0.16307240     0.24391236     1.54018338     1.30568340 
  72	    72.00000000     0.00000000     0.13089327     0.25171099     1.40341486     1.45225006 
  73	    73.00000000     0.00000000     0.09884986     0.25559680     1.25271845     1.58459254 
  74	    74.00000000     0.00000000     0.06739438     0.25568061     1.08956459     1.70138865 
  75	    75.00000000     0.00000000     0.03695771     0.25212370     0.91554914     1.80146743 
  76	    76.00000000     0.00000000     0.00794396     0.24513456     0.73237792     1.88382105 
  77	    77.00000000     0.00000000    -0.01927459     0.23496517     0.54185011     1.94761512 
  78	    78.00000000     0.00000000    -0.04436203     0.22190668     0.34584064     1.99219735 
  79	    79.00000000     0.00000000    -0.06702287     0.20628461     0.14628180     2.01710438 
  80	    80.00000000     0.00000000    -0.08700543     0.18845373    -0.05485571     2.02206677 
  81	    81.00000000     0.00000000    -0.10410467     0.16879249    -0.25558228     2.00701215 
  82	    82.00000000     0.00000000    -0.11816427     0.14769731    -0.45390902     1.97206631 
  83	    83.00000000     0.00000000    -0.12907812     0.12557661    -0.64786747     1.91755243 
  84	    84.00000000     0.00000000    -0.13679104     0.10284478    -0.83552921     1.84398829 
  85	    85.00000000     0.00000000    -0.14129885     0.07991610    -1.01502507     1.75208154 
  86	    86.00000000     0.00000000    -0.14264769     0.05719874    -1.18456379     1.64272313 
  87	    87.00000000     0.00000000    -0.14093269     0.03508892    -1.34245003     1.51697885 
  88	    88.00000000     0.00000000    -0.13629597     0.01396522    -1.48710140     1.37607908 
  89	    89.00000000     0.00000000    -0.12892401    -0.00581679    -1.61706447     1.22140695 
  90	    90.00000000     0.00000000    -0.11904438    -0.02392952    -1.73102947     1.05448493 
  91	    91.00000000     0.00000000    -0.10692199    -0.04007797    -1.82784371     0.87695991 
  92	    92.00000000     0.00000000    -0.09285479    -0.05400385    -1.90652332     0.69058713 
  93	    93.00000000     0.00000000    -0.07716905    -0.06548910    -1.96626349     0.49721291 
  94	    94.00000000     0.00000000    -0.06021426    -0.07435895    -2.00644685     0.29875643 
  95	    95.00000000     0.00000000    -0.04235773    -0.08048423    -2.02665002     0.09719073 
  96	    96.00000000     0.00000000    -0.02397896    -0.08378313    -2.02664832    -0.10547682 
  97	    97.00000000     0.00000000    -0.00546383    -0.08422223    -2.00641837    -0.30722453 
  98	    98.00000000     0.00000000     0.01280127    -0.08181689    -1.96613879    -0.50603656 
  99	    99.00000000     0.00000000     0.03043530    -0.07663088    -1.90618887    -0.69992302 
 100	   100.00000000     0.00000000     0.04706838    -0.06877546    -1.82714518    -0.88694001 
 101	   101.00000000     0.00000000     0.06234740    -0.05840759    -1.72977623    -1.06520912 
 102	   102.00000000     0.00000000     0.07594149    -0.04572770    -1.61503523    -1.23293635 
 103	   103.00000000     0.00000000     0.08754706    -0.03097670    -1.48405087    -1.38843034 
 104	   104.00000000     0.00000000     0.09689253    -0.01443244    -1.33811645    -1.53011945 
 105	   105.00000000     0.00000000     0.10374268     0.00359430    -1.17867725    -1.65656783 
 106	   106.00000000     0.00000000     0.10790237     0.02276441    -1.00731634    -1.76649008 
 107	   107.00000000     0.00000000     0.10921983     0.04271537    -0.82573901    -1.85876451 
 108	   108.00000000     0.00000000     0.10758928     0.06306661    -0.63575592    -1.93244471 
 109	   109.00000000     0.00000000     0.10295295     0.08342506    -0.43926510    -1.98676943 
 110	   110.00000000     0.00000000     0.09530241     0.10339105    -0.23823310    -2.02117069 
 111	   111.00000000     0.00000000     0.08467929     0.12256418    -0.03467534    -2.03527982 
 112	   112.00000000     0.00000000     0.07117515     0.14054941     0.16936404    -2.02893164 
 113	   113.00000000     0.00000000     0.05493081     0.15696299     0.37183272    -2.00216655 
 114	   114.00000000     0.00000000     0.03613490     0.17143840     0.57069082    -1.95523056 
 115	   115.00000000     0.00000000     0.01502172     0.18363202     0.76393147    -1.88857323 
 116	   116.00000000     0.00000000    -0.00813153     0.19322855     0.94960116    -1.80284361 
 117	   117.00000000     0.00000000    -0.03300817     0.19994619     1.12581949    -1.69888408 
 118	   118.00000000     0.00000000    -0.05925602     0.20354126     1.29079832    -1.57772228 
 119	   119.00000000     0.00000000    -0.08649195     0.20381250     1.44286003    -1.44056111 
 120	   120.00000000     0.00000000    -0.11430689     0.20060471     1.58045466    -1.28876699 
 121	   121.00000000     0.00000000    -0.14227132     0.19381188     1.70217588    -1.12385639 
 122	   122.00000000     0.00000000    -0.16994101     0.18337967     1.80677547    -0.94748077 
 123	   123.00000000     0.00000000    -0.19686316     0.16930722     1.89317629    -0.76141025 
 124	   124.00000000     0.00000000    -0.22258266     0.15164818     1.96048355    -0.56751586 
 125	   125.00000000     0.00000000    -0.24664852     0.13051119     2.00799425    -0.36775090 
 126	   126.00000000     0.00000000    -0.26862034     0.10605940     2.03520468    -0.16413126 
 127	   127.00000000     0.00000000    -0.28807467     0.07850941     2.04181595     0.04128483 
 128	   128.00000000     0.00000000    -0.30461139     0.04812941     2.02773749     0.24641758 
 129	   129.00000000     0.00000000    -0.31785972     0.01523660     1.99308835     0.44918669 
 130	   130.00000000     0.00000000    -0.32748404    -0.01980612     1.93819647     0.64753246 
 131	   131.00000000     0.00000000    -0.33318930    -0.05659404     1.86359575     0.83943676 
 132	   132.00000000     0.00000000    -0.33472600    -0.09468526     1.77002111     1.02294354 
 133	   133.00000000     0.00000000    -0.33189464    -0.13360580     1.65840143     1.19617892 
 134	   134.00000000     0.00000000    -0.32454958    -0.17285527     1.52985049     1.35737037 
 135	   135.00000000     0.00000000    -0.31260234    -0.21191300     1.38565604     1.50486492 
 136	   136.00000000     0.00000000    -0.29602404    -0.25024448     1.22726709     1.63714630 
 137	   137.00000000     0.00000000    -0.27484734    -0.28730817     1.05627947     1.75285057 
 138	   138.00000000     0.00000000    -0.24916739    -0.32256252     0.87441988     1.85078041 
 139	   139.00000000     0.00000000    -0.21914213    -0.35547309     0.68352860     1.92991762 
 140	   140.00000000     0.00000000    -0.18499173    -0.38551972     0.48554097     1.98943388 
 141	   141.00000000     0.00000000    -0.14699727    -0.41220369     0.28246781     2.02869962 
 142	   142.00000000     0.00000000    -0.10549849    -0.43505471     0.07637513     2.04729080 
 143	   143.00000000     0.00000000    -0.06089091    -0.45363768    -0.13063691     2.04499373 
 144	   144.00000000     0.00000000    -0.01362208    -0.46755914    -0.33645532     2.02180766 
 145	   145.00000000     0.00000000     0.03581292    -0.47647335    -0.53897588     1.97794525 
 146	   146.00000000     0.00000000     0.08687658    -0.48008783    -0.73612462     1.91383081 
 147	   147.00000000     0.00000000     0.13899477    -0.47816837    -0.92587912     1.83009645 
 148	   148.00000000     0.00000000     0.19156309    -0.47054342    -1.10628932     1.72757599 
 149	   149.00000000     0.00000000     0.24395378    -0.45710775    -1.27549758     1.60729693 
 150	   150.00000000     0.00000000     0.29552294    -0.43782538    -1.43175795     1.47047024 
 151	   151.00000000     0.00000000     0.34561823    -0.41273169    -1.57345423     1.31847842 
 152	   152.00000000     0.00000000     0.39358676    -0.38193469    -1.69911685     1.15286164 
 153	   153.00000000     0.00000000     0.43878314    -0.34561547    -1.80743823     0.97530231 
 154	   154.00000000     0.00000000     0.48057760    -0.30402763    -1.89728652     0.78760811 
 155	   155.00000000     0.00000000     0.51836415    -0.25749599    -1.96771760     0.59169369 
 156	   156.00000000     0.00000000     0.55156848    -0.20641420    -2.01798515     0.38956127 
 157	   157.00000000     0.00000000     0.57965577    -0.15124167    -2.04754873     0.18328023 
 158	   158.00000000     0.00000000     0.60213807    -0.09249943    -2.05607978    -0.02503401 
 159	   159.00000000     0.00000000     0.61858131    -0.03076535    -2.04346544    -0.23324159 
 160	   160.00000000     0.00000000     0.62861180     0.03333156    -2.00981016    -0.43920024 
 161	   161.00000000     0.00000000     0.63192211     0.09911752    -1.95543506    -0.64078727 
 162	   162.00000000     0.00000000     0.62827629     0.16588102    -1.88087514    -0.83592146 
 163	   163.00000000     0.00000000     0.61751430     0.23288045    -1.78687414    -1.02258458 
 164	   164.00000000     0.00000000     0.59955563     0.29935226    -1.67437740    -1.19884235 
 165	   165.00000000     0.00000000     0.57440212     0.36451953    -1.54452249    -1.36286449 
 166	   166.00000000     0.00000000     0.54213972     0.42760087    -1.39862791    -1.51294387 
 167	   167.00000000     0.00000000     0.50293940     0.48781954    -1.23817986    -1.64751433 
 168	   168.00000000     0.00000000     0.45705697     0.54441270    -1.06481727    -1.76516720 
 169	   169.00000000     0.00000000     0.40483203     0.59664068    -0.88031520    -1.86466611 
 170	   170.00000000     0.00000000     0.34668575     0.64379613    -0.68656679    -1.94496017 
 171	   171.00000000     0.00000000     0.28311778     0.68521304    -0.48556397    -2.00519522 
 172	   172.00000000     0.00000000     0.21470210     0.72027531    -0.27937704    -2.04472306 
 173	   173.00000000     0.00000000     0.14208198     0.74842509    -0.07013347    -2.06310861 
 174	   174.00000000     0.00000000     0.06596394     0.76917040     0.14000400    -2.06013487 
 175	   175.00000000     0.00000000    -0.01288902     0.78209229     0.34885969    -2.03580561 
 176	   176.00000000     0.00000000    -0.09366504     0.78685118     0.55426746    -1.99034582 
 177	   177.00000000     0.00000000    -0.17551179     0.78319244     0.75409318    -1.92419986 
 178	   178.00000000     0.00000000    -0.25754534     0.77095111     0.94625690    -1.83802733 
 179	   179.00000000     0.00000000    -0.33885972     0.75005561     1.12875455    -1.73269667 
 180	   180.00000000     0.00000000    -0.41853678     0.72053051     1.29967887    -1.60927663 
 181	   181.00000000     0.00000000    -0.49565647     0.68249820     1.45723944    -1.46902560 
 182	   182.00000000     0.00000000    -0.56930728     0.63617946     1.59978149    -1.31337898 
 183	   183.00000000     0.00000000    -0.63859676     0.58189296     1.72580339    -1.14393462 
 184	   184.00000000     0.00000000    -0.70266210     0.52005358     1.83397257    -0.96243662 
 185	   185.00000000     0.00000000    -0.76068044     0.45116961     1.92313979    -0.77075749 
 186	   186.00000000     0.00000000    -0.81187900     0.37583887     1.99235142    -0.57087898 
 187	   187.00000000     0.00000000    -0.85554481     0.29474365     2.04085985    -0.36487167 
 188	   188.00000000     0.00000000    -0.89103390     0.20864472     2.06813166    -0.15487369 
 189	   189.00000000     0.00000000    -0.91777989     0.11837425     2.07385374     0.05693147 
 190	   190.00000000     0.00000000    -0.93530183     0.02482781     2.05793692     0.26833755 
 191	   191.00000000     0.00000000    -0.94321128    -0.07104446     2.02051749     0.47713846 
 192	   192.00000000     0.00000000    -0.94121838    -0.16824749     1.96195625     0.68115130 
 193	   193.00000000     0.00000000    -0.92913694    -0.26575152     1.88283524     0.87823913 
 194	   194.00000000     0.00000000    -0.90688849    -0.36250306     1.78395217     1.06633343 
 195	   195.00000000     0.00000000    -0.87450516    -0.45743612     1.66631257     1.24345576 
 196	   196.00000000     0.00000000    -0.83213130    -0.54948390     1.53111978     1.40773869 
 197	   197.00000000     0.00000000    -0.78002402    -0.63759069     1.37976282     1.55744549 
 198	   198.00000000     0.00000000    -0.71855230    -0.72072375     1.21380230     1.69098863 
 199	   199.00000000     0.00000000    -0.64819496    -0.79788522     1.03495447     1.80694667 
 200	   200.00000000     0.00000000    -0.56953730    -0.86812384     0.84507369     1.90407950 
 201	   201.00000000     0.00000000    -0.48326653    -0.93054628     0.64613328     1.98134178 
 202	   202.00000000     0.00000000    -0.39016595    -0.98432810     0.44020519     2.03789426 
 203	   203.00000000     0.00000000    -0.29110799    -1.02872401     0.22943853     2.07311307 
 204	   204.00000000     0.00000000    -0.18704614    -1.06307756     0.01603722     2.08659675 
 205	   205.00000000     0.00000000    -0.07900584    -1.08682986    -0.19776296     2.07817098 
 206	   206.00000000     0.00000000     0.03192559    -1.09952745    -0.40971773     2.04789092 
 207	   207.00000000     0.00000000     0.14460985    -1.10082912    -0.61759779     1.99604115 
 208	   208.00000000     0.00000000     0.25786930    -1.09051150    -0.81921230     1.92313329 
 209	   209.00000000     0.00000000     0.37049925    -1.06847361    -1.01243192     1.82990108 
 210	   210.00000000     0.00000000     0.48128072    -1.03473994    -1.19521131     1.71729326 
 211	   211.00000000     0.00000000     0.58899355    -0.98946231    -1.36561079     1.58646411 
 212	   212.00000000     0.00000000     0.69242978    -0.93292032    -1.52181700     1.43876179 
 213	   213.00000000     0.00000000     0.79040705    -0.86552042    -1.66216226     1.27571464 
 214	   214.00000000     0.00000000     0.88178195    -0.78779349    -1.78514241     1.09901559 
 215	   215.00000000     0.00000000     0.96546315    -0.70039110    -1.88943306     0.91050468 
 216	   216.00000000     0.00000000     1.04042418    -0.60408036    -1.97390394     0.71215010 
 217	   217.00000000     0.00000000     1.10571563    -0.49973736    -2.03763129     0.50602781 
 218	   218.00000000     0.00000000     1.16047675    -0.38833943    -2.07990804     0.29429989 
 219	   219.00000000     0.00000000     1.20394625    -0.27095604    -2.10025186     0.07919200 
 220	   220.00000000     0.00000000     1.23547212    -0.14873867    -2.09841072    -0.13702988 
 221	   221.00000000     0.00000000     1.25452048    -0.02290952    -2.07436618    -0.35208329 
 222	   222.00000000     0.00000000     1.26068317     0.10525063    -2.02833411    -0.56369326 
 223	   223.00000000     0.00000000     1.25368417     0.23441546    -1.96076302    -0.76961638 
 224	   224.00000000     0.00000000     1.23338462     0.36322676    -1.87232995    -0.96766450 
 225	   225.00000000     0.00000000     1.19978643     0.49030869    -1.76393381    -1.15572799 
 226	   226.00000000     0.00000000     1.15303439     0.61428246    -1.63668653    -1.33179823 
 227	   227.00000000     0.00000000     1.09341677     0.73378115    -1.49190181    -1.49398905 
 228	   228.00000000     0.00000000     1.02136436     0.84746476    -1.33108179    -1.64055700 
 229	   229.00000000     0.00000000     0.93744793     0.95403505    -1.15590160    -1.76992013 
 230	   230.00000000     0.00000000     0.84237414     1.05225022    -0.96819213    -1.88067514 
 231	   231.00000000     0.00000000     0.73697994     1.14093920    -0.76992109    -1.97161268 
 232	   232.00000000     0.00000000     0.62222539     1.21901527    -0.56317248    -2.04173066 
 233	   233.00000000     0.00000000     0.49918513     1.28548906    -0.35012489    -2.09024541 
 234	   234.00000000     0.00000000     0.36903846     1.33948063    -0.13302863    -2.11660051 
 235	   235.00000000     0.00000000     0.23305811     1.38023055     0.08581787    -2.12047334 
 236	   236.00000000     0.00000000     0.09259785     1.40710980     0.30409231    -2.10177908 
 237	   237.00000000     0.00000000    -0.05092087     1.41962841     0.51947308    -2.06067224 
 238	   238.00000000     0.00000000    -0.19602334     1.41744270     0.72966387    -1.99754571 
 239	   239.00000000     0.00000000    -0.34119668     1.40036106     0.93241809    -1.91302717 
 240	   240.00000000     0.00000000    -0.48490556     1.36834815     1.12556286    -1.80797312 
 241	   241.00000000     0.00000000    -0.62560842     1.32152743     1.30702227    -1.68346037 
 242	   242.00000000     0.00000000    -0.76177392     1.26018205     1.47483967    -1.54077524 
 243	   243.00000000     0.00000000    -0.89189758     1.18475405     1.62719880    -1.38140046 
 244	   244.00000000     0.00000000    -1.01451826     1.09584172     1.76244347    -1.20699997 
 245	   245.00000000     0.00000000    -1.12823446     0.99419538     1.87909561    -1.01940170 
 246	   246.00000000     0.00000000    -1.23172015     0.88071136     1.97587148    -0.82057866 
 247	   247.00000000     0.00000000    -1.32374003     0.75642437     2.05169587    -0.61262831 
 248	   248.00000000     0.00000000    -1.40316396     0.62249826     2.10571414    -0.39775060 
 249	   249.00000000     0.00000000    -1.46898053     0.48021526     2.13730191    -0.17822487 
 250	   250.00000000     0.00000000    -1.52030942     0.33096384     2.14607241     0.04361418 
 251	   251.00000000     0.00000000    -1.55641258     0.17622525     2.13188124     0.26540124 
 252	   252.00000000     0.00000000    -1.57670402     0.01755884     2.09482864     0.48476546 
 253	   253.00000000     0.00000000    -1.58075805    -0.14341355     2.03525911     0.69935569 
 254	   254.00000000     0.00000000    -1.56831594    -0.30502417     1.95375846     0.90686564 
 255	   255.00000000     0.00000000    -1.53929081    -0.46557660     1.85114829     1.10505858 
 256	   256.00000000     0.00000000    -1.49377082    -0.62336349     1.72847789     1.29179140 
 257	   257.00000000     0.00000000    -1.43202044    -0.77668468     1.58701373     1.46503775 
 258	   258.00000000     0.00000000    -1.35447989    -0.92386548     1.42822661     1.62291003 
 259	   259.00000000     0.00000000    -1.26176267    -1.06327487     1.25377657     1.76367995 
 260	   260.00000000     0.00000000    -1.15465117    -1.19334343     1.06549572     1.88579748 
 261	   261.00000000     0.00000000    -1.03409046    -1.31258095     0.86536918     1.98790791 
 262	   262.00000000     0.00000000    -0.90118023    -1.41959326     0.65551436     2.06886700 
 263	   263.00000000     0.00000000    -0.75716501    -1.51309830     0.43815875     2.12775376 
 264	   264.00000000     0.00000000    -0.60342262    -1.59194124     0.21561639     2.16388107 
 265	   265.00000000     0.00000000    -0.44145117    -1.65510831    -0.00973656     2.17680371 
 266	   266.00000000     0.00000000    -0.27285457    -1.70173936    -0.23548708     2.16632390 
 267	   267.00000000     0.00000000    -0.09932666    -1.73113891    -0.45921096     2.13249417 
 268	   268.00000000     0.00000000     0.07736567    -1.74278553    -0.67849877     2.07561763 
 269	   269.00000000     0.00000000     0.25540048    -1.73633955    -0.89098163     1.99624550 
 270	   270.00000000     0.00000000     0.43291952    -1.71164880    -1.09435678     1.89517197 
 271	   271.00000000     0.00000000     0.60804755    -1.66875256    -1.28641244     1.77342653 
 272	   272.00000000     0.00000000     0.77891214    -1.60788332    -1.46505178     1.63226367 
 273	   273.00000000     0.00000000     0.94366363    -1.52946668    -1.62831581     1.47315017 
 274	   274.00000000     0.00000000     1.10049509    -1.43411907    -1.77440482     1.29775006 
 275	   275.00000000     0.00000000     1.24766203    -1.32264342    -1.90169821     1.10790742 
 276	   276.00000000     0.00000000     1.38350171    -1.19602282    -2.00877247     0.90562722 
 277	   277.00000000     0.00000000     1.50645177    -1.05541213    -2.09441710     0.69305434 
 278	   278.00000000     0.00000000     1.61506803    -0.90212775    -2.15764834     0.47245095 
 279	   279.00000000     0.00000000     1.70804118    -0.73763540    -2.19772048     0.24617272 
 280	   280.00000000     0.00000000     1.78421227    -0.56353632    -2.21413470     0.01664376 
 281	   281.00000000     0.00000000     1.84258676    -0.38155177    -2.20664523    -0.21366916 
 282	   282.00000000     0.00000000     1.88234692    -0.19350609    -2.17526290    -0.44228296 
 283	   283.00000000     0.00000000     1.90286259    -0.00130853    -2.12025589    -0.66672490 
 284	   284.00000000     0.00000000     1.90369993     0.19306615    -2.04214776    -0.88455920 
 285	   285.00000000     0.00000000     1.88462826     0.38759787    -1.94171268    -1.09341332 
 286	   286.00000000     0.00000000     1.84562481     0.58024218    -1.81996800    -1.29100378 
 287	   287.00000000     0.00000000     1.78687722     0.76895174    -1.67816418    -1.47516097 
 288	   288.00000000     0.00000000     1.70878395     0.95169800    -1.51777215    -1.64385292 
 289	   289.00000000     0.00000000     1.61195232     1.12649295    -1.34046826    -1.79520770 
 290	   290.00000000     0.00000000     1.49719438     1.29141069    -1.14811696    -1.92753411 
 291	   291.00000000     0.00000000     1.36552056     1.44460854    -0.94275145    -2.03934057 
 292	   292.00000000     0.00000000     1.21813106     1.58434748    -0.72655234    -2.12935189 
 293	   293.00000000     0.00000000     1.05640521     1.70901181    -0.50182471    -2.19652384 
 294	   294.00000000     0.00000000     0.88188876     1.81712753    -0.27097376    -2.24005519 
 295	   295.00000000     0.00000000     0.69627928     1.90737960    -0.03647921    -2.25939734 
 296	   296.00000000     0.00000000     0.50140975     1.97862751     0.19913113    -2.25426109 
 297	   297.00000000     0.00000000     0.29923060     2.02991933     0.43330846    -2.22462076 
 298	   298.00000000     0.00000000     0.09179025     2.06050374     0.66351037    -2.17071549 
 299	   299.00000000     0.00000000    -0.11878558     2.06984019     0.88722834    -2.09304762 
 300	   300.00000000     0.00000000    -0.33031557     2.05760680     1.10201489    -1.99237829 
 301	   301.00000000     0.00000000    -0.54058538     2.02370612     1.30551028    -1.86972024 
 302	   302.00000000     0.00000000    -0.74737078     1.96826849     1.49546827    -1.72632779 
 303	   303.00000000     0.00000000    -0.94846111     1.89165303     1.66978088    -1.56368430 
 304	   304.00000000     0.00000000    -1.14168285     1.79444625     1.82650162    -1.38348700 
 305	   305.00000000     0.00000000    -1.32492310     1.67745812     1.96386721    -1.18762950 
 306	   306.00000000     0.00000000    -1.49615253     1.54171588     2.08031735    -0.97818213 
 307	   307.00000000     0.00000000    -1.65344781     1.38845528     2.17451235    -0.75737022 
 308	   308.00000000     0.00000000    -1.79501305     1.21910970     2.24534853    -0.52755071 
 309	   309.00000000     0.00000000    -1.91920012     1.03529696     2.29197106    -0.29118719 
 310	   310.00000000     0.00000000    -2.02452764     0.83880402     2.31378426    -0.05082367 
 311	   311.00000000     0.00000000    -2.10969839     0.63156975     2.31045905     0.19094262 
 312	   312.00000000     0.00000000    -2.17361483     0.41566599     2.28193760     0.43148904 
 313	   313.00000000     0.00000000    -2.21539283     0.19327686     2.22843511     0.66819590 
 314	   314.00000000     0.00000000    -2.23437311    -0.03332325     2.15043855     0.89847475 
 315	   315.00000000     0.00000000    -2.23013049    -0.26179282     2.04870257     1.11979656 
 316	   316.00000000     0.00000000    -2.20248074    -0.48974739     1.92424242     1.32971934 
 317	   317.00000000     0.00000000    -2.15148488    -0.71478437     1.77832402     1.52591495 
 318	   318.00000000     0.00000000    -2.07745097    -0.93450834     1.61245139     1.70619478 
 319	   319.00000000     0.00000000    -1.98093330    -1.14655645     1.42835129     1.86853405 
 320	   320.00000000     0.00000000    -1.86272890    -1.34862380     1.22795550     2.01109446 
 321	   321.00000000     0.00000000    -1.72387147    -1.53848838     1.01338078     2.13224487 
 322	   322.00000000     0.00000000    -1.56562276    -1.71403548     0.78690668     2.23057991 
 323	   323.00000000     0.00000000    -1.38946140    -1.87328106     0.55095161     2.30493617 
 324	   324.00000000     0.00000000    -1.19706934    -2.01439405     0.30804716     2.35440585 
 325	   325.00000000     0.00000000    -0.99031600    -2.13571720     0.06081119     2.37834775 
 326	   326.00000000     0.00000000    -0.77124027    -2.23578634    -0.18808020     2.37639538 
 327	   327.00000000     0.00000000    -0.54203054    -2.31334768    -0.43592140     2.34846217 
 328	   328.00000000     0.00000000    -0.30500296    -2.36737313    -0.68000655     2.29474361 
 329	   329.00000000     0.00000000    -0.06257810    -2.39707332    -0.91765888     2.21571643 
 330	   330.00000000     0.00000000     0.18274365    -2.40190821    -1.14625985     2.11213469 
 331	   331.00000000     0.00000000     0.42840783    -2.38159516    -1.36327787     1.98502282 
 332	   332.00000000     0.00000000     0.67183245    -2.33611437    -1.56629617     1.83566578 
 333	   333.00000000     0.00000000     0.91043505    -2.26571154    -1.75303951     1.66559623 
 334	   334.00000000     0.00000000     1.14166006    -2.17089775    -1.92139960     1.47657910 
 335	   335.00000000     0.00000000     1.36300610    -2.05244650    -2.06945870     1.27059344 
 336	   336.00000000     0.00000000     1.57205296    -1.91138801    -2.19551134     1.04981198 
 337	   337.00000000     0.00000000     1.76648801    -1.74900065    -2.29808388     0.81657835 
 338	   338.00000000     0.00000000     1.94413163    -1.56679969    -2.37595152     0.57338254 
 339	   339.00000000     0.00000000     2.10296154    -1.36652347    -2.42815285     0.32283441 
 340	   340.00000000     0.00000000     2.24113567    -1.15011702    -2.45400150     0.06763600 
 341	   341.00000000     0.00000000     2.35701326    -0.91971335    -2.45309490    -0.18944742 
 342	   342.00000000     0.00000000     2.44917413    -0.67761261    -2.42532004    -0.44561713 
 343	   343.00000000     0.00000000     2.51643567    -0.42625921    -2.37085605    -0.69807119 
 344	   344.00000000     0.00000000     2.55786755    -0.16821729    -2.29017369    -0.94403486 
 345	   345.00000000     0.00000000     2.57280381     0.09385536    -2.18403164    -1.18079096 
 346	   346.00000000     0.00000000     2.56085235     0.35723461    -2.05346963    -1.40570961 
 347	   347.00000000     0.00000000     2.52190149     0.61915822    -1.89979852    -1.61627733 
 348	   348.00000000     0.00000000     2.45612368     0.87685477    -1.72458740    -1.81012489 
 349	   349.00000000     0.00000000     2.36397621     1.12757287    -1.52964776    -1.98505379 
 350	   350.00000000     0.00000000     2.24619892     1.36861054    -1.31701502    -2.13906108 
 351	   351.00000000     0.00000000     2.10380886     1.59734421    -1.08892748    -2.27036204 
 352	   352.00000000     0.00000000     1.93809196     1.81125719    -0.84780299    -2.37741072 
 353	   353.00000000     0.00000000     1.75059183     2.00796730    -0.59621357    -2.45891799 
 354	   354.00000000     0.00000000     1.54309563     2.18525324    -0.33685817    -2.51386682 
 355	   355.00000000     0.00000000     1.31761734     2.34107956    -0.07253397    -2.54152472 
 356	   356.00000000     0.00000000     1.07637836     2.47361980     0.19389359    -2.54145323 
 357	   357.00000000     0.00000000     0.82178585     2.58127768     0.45952161    -2.51351410 
 358	   358.00000000     0.00000000     0.55640883     2.66270600     0.72144117    -2.45787241 
 359	   359.00000000     0.00000000     0.28295236     2.71682308     0.97676895    -2.37499631 
 360	   360.00000000     0.00000000     0.00423014     2.74282649     1.22267872    -2.26565349 
 361	   361.00000000     0.00000000    -0.27686443     2.74020400     1.45643248    -2.13090439 
 362	   362.00000000     0.00000000    -0.55738817     2.70874144     1.67541066    -1.97209219 
 363	   363.00000000     0.00000000    -0.83437884     2.64852759     1.87714130    -1.79082963 
 364	   364.00000000     0.00000000    -1.10488639     2.55995581     2.05932774    -1.58898294 
 365	   365.00000000     0.00000000    -1.36600429     2.44372246     2.21987457    -1.36865279 
 366	   366.00000000     0.00000000    -1.61490069     2.30082213     2.35691148    -1.13215269 
 367	   367.00000000     0.00000000    -1.84884905     2.13253965     2.46881491    -0.88198491 
 368	   368.00000000     0.00000000    -2.06525788     1.94043888     2.55422695    -0.62081428 
 369	   369.00000000     0.00000000    -2.26169941     1.72634859     2.61207168    -0.35143996 
 370	   370.00000000     0.00000000    -2.43593660     1.49234526     2.64156830    -0.07676575 
 371	   371.00000000     0.00000000    -2.58594850     1.24073319     2.64224132     0.20023101 
 372	   372.00000000     0.00000000    -2.70995346     0.97402200     2.61392738     0.47653151 
 373	   373.00000000     0.00000000    -2.80642998     0.69490176     2.55677869     0.74910807 
 374	   374.00000000     0.00000000    -2.87413504     0.40621599     2.47126318     1.01495712 
 375	   375.00000000     0.00000000    -2.91211957     0.11093283     2.35816109     1.27113207 
 376	   376.00000000     0.00000000    -2.91974095    -0.18788538     2.21855820     1.51477569 
 377	   377.00000000     0.00000000    -2.89667237    -0.48711377     2.05383570     1.74315180 
 378	   378.00000000     0.00000000    -2.84290887    -0.78359753     1.86565681     1.95367571 
 379	   379.00000000     0.00000000    -2.75877011    -1.07418510     1.65595016     2.14394328 
 380	   380.00000000     0.00000000    -2.64489958    -1.35576158     1.42689036     2.31175809 
 381	   381.00000000     0.00000000    -2.50226052    -1.62528204     1.18087559     2.45515660 
 382	   382.00000000     0.00000000    -2.33212824    -1.87980438     0.92050278     2.57243083 
 383	   383.00000000     0.00000000    -2.13607926    -2.11652132     0.64854042     2.66214845 
 384	   384.00000000     0.00000000    -1.91597697    -2.33279130     0.36789935     2.72316994 
 385	   385.00000000     0.00000000    -1.67395425    -2.52616776     0.08160187     2.75466271 
 386	   386.00000000     0.00000000    -1.41239307    -2.69442671    -0.20725062     2.75611192 
 387	   387.00000000     0.00000000    -1.13390123    -2.83559211    -0.49551091     2.72732793 
 388	   388.00000000     0.00000000    -0.84128653    -2.94795876    -0.78002005     2.66845024 
 389	   389.00000000     0.00000000    -0.53752869    -3.03011262    -1.05764175     2.57994788 
 390	   390.00000000     0.00000000    -0.22574904    -3.08094814    -1.32529664     2.46261622 
 391	   391.00000000     0.00000000     0.09082135    -3.09968241    -1.57999624     2.31757019 
 392	   392.00000000     0.00000000     0.40887506    -3.08586610    -1.81887602     2.14623399 
 393	   393.00000000     0.00000000     0.72506284    -3.03939088    -2.03922741     1.95032743 
 394	   394.00000000     0.00000000     1.03602870    -2.96049325    -2.23852819     1.73184883 
 395	   395.00000000     0.00000000     1.33844549    -2.84975483    -2.41447113     1.49305499 
 396	   396.00000000     0.00000000     1.62905044    -2.70809892    -2.56499043     1.23643801 
 397	   397.00000000     0.00000000     1.90468020    -2.53678339    -2.68828565     0.96469961 
 398	   398.00000000     0.00000000     2.16230523    -2.33739003    -2.78284294     0.68072286 
 399	   399.00000000     0.00000000     2.39906297    -2.11181030    -2.84745325     0.38754187 
 400	   400.00000000     0.00000000     2.61228950    -1.86222772    -2.88122738     0.08830960 
 401	   401.00000000     0.00000000     2.79954942    -1.59109702    -2.88360754    -0.21373579 
 402	   402.00000000     0.00000000     2.95866340    -1.30112021    -2.85437551    -0.51530576 
 403	   403.00000000     0.00000000     3.08773334    -0.99521986    -2.79365700    -0.81309691 
 404	   404.00000000     0.00000000     3.18516472    -0.67650984    -2.70192243    -1.10382690 
 405	   405.00000000     0.00000000     3.24968588    -0.34826373    -2.57998389    -1.38427040 
 406	   406.00000000     0.00000000     3.28036399    -0.01388140    -2.42898836    -1.65129460 
 407	   407.00000000     0.00000000     3.27661764     0.32314614    -2.25040726    -1.90189389 
 408	   408.00000000     0.00000000     3.23822570     0.65927306    -2.04602243    -2.13322347 
 409	   409.00000000     0.00000000     3.16533247     0.99093589    -1.81790858    -2.34263133 
 410	   410.00000000     0.00000000     3.05844896     1.31459123    -1.56841251    -2.52768835 
 411	   411.00000000     0.00000000     2.91845032     1.62675348    -1.30012921    -2.68621618 
 412	   412.00000000     0.00000000     2.74656934     1.92403230    -1.01587508    -2.81631257 
 413	   413.00000000     0.00000000     2.54438613     2.20316935    -0.71865865    -2.91637377 
 414	   414.00000000     0.00000000     2.31381398     2.46107382    -0.41164898    -2.98511396 
 415	   415.00000000     0.00000000     2.05708167     2.69485660    -0.09814207    -3.02158119 
 416	   416.00000000     0.00000000     1.77671215     2.90186243     0.21847423    -3.02516990 
 417	   417.00000000     0.00000000     1.47549804     3.07969993     0.53475659    -2.99562972 
 418	   418.00000000     0.00000000     1.15647405     3.22626896     0.84724338    -2.93307037 
 419	   419.00000000     0.00000000     0.82288655     3.33978515     1.15249228    -2.83796285 
 420	   420.00000000     0.00000000     0.47816078     3.41880126     1.44711797    -2.71113651 
 421	   421.00000000     0.00000000     0.12586575     3.46222507     1.72782934    -2.55377235 
 422	   422.00000000     0.00000000    -0.23032251     3.46933371     1.99146599    -2.36739237 
 423	   423.00000000     0.00000000    -0.58665918     3.43978409     2.23503354    -2.15384515 
 424	   424.00000000     0.00000000    -0.93936994     3.37361944     2.45573729    -1.91528784 
 425	   425.00000000     0.00000000    -1.28469084     3.27127174     2.65101398    -1.65416457 
 426	   426.00000000     0.00000000    -1.61890831     3.13356009     2.81856125    -1.37318173 
 427	   427.00000000     0.00000000    -1.93839903     2.96168487     2.95636437    -1.07528010 
 428	   428.00000000     0.00000000    -2.23966907     2.75721787     3.06272009    -0.76360439 
 429	   429.00000000     0.00000000    -2.51939200     2.52208840     3.13625723    -0.44147023 
 430	   430.00000000     0.00000000    -2.77444550     2.25856541     3.17595376    -0.11232918 
 431	   431.00000000     0.00000000    -3.00194601     1.96923596     3.18115024     0.22026800 
 432	   432.00000000     0.00000000    -3.19928118     1.65698009     3.15155935     0.55270939 
 433	   433.00000000     0.00000000    -3.36413965     1.32494238     3.08727148     0.88136089 
 434	   434.00000000     0.00000000    -3.49453786     0.97650052     2.98875622     1.20260564 
 435	   435.00000000     0.00000000    -3.58884354     0.61523113     2.85685973     1.51288356 
 436	   436.00000000     0.00000000    -3.64579568     0.24487321     2.69279800     1.80873052 
 437	   437.00000000     0.00000000    -3.66452066    -0.13071036     2.49814608     2.08681670 
 438	   438.00000000     0.00000000    -3.64454442    -0.50757303     2.27482325     2.34398376 
 439	   439.00000000     0.00000000    -3.58580046    -0.88172587     2.02507442     2.57728039 
 440	   440.00000000     0.00000000    -3.48863352    -1.24917968     1.75144783     2.78399582 
 441	   441.00000000     0.00000000    -3.35379893    -1.60598740     1.45676935     2.96169099 
 442	   442.00000000     0.00000000    -3.18245765    -1.94828640     1.14411347     3.10822689 
 443	   443.00000000     0.00000000    -2.97616686    -2.27234013     0.81677157     3.22178987 
 444	   444.00000000     0.00000000    -2.73686632    -2.57457886     0.47821745     3.30091360 
 445	   445.00000000     0.00000000    -2.46686051    -2.85163876     0.13207076     3.34449736 
 446	   446.00000000     0.00000000    -2.16879685    -3.10039926    -0.21794145     3.35182046 
 447	   447.00000000     0.00000000    -1.84564000    -3.31801801    -0.56802459     3.32255268 
 448	   448.00000000     0.00000000    -1.50064262    -3.50196309    -0.91435741     3.25676049 
 449	   449.00000000     0.00000000    -1.13731292    -3.65004225    -1.25313342     3.15490903 
 450	   450.00000000     0.00000000    -0.75937916    -3.76042868    -1.58060241     3.01785968 
 451	   451.00000000     0.00000000    -0.37075161    -3.83168313    -1.89311173     2.84686347 
 452	   452.00000000     0.00000000     0.02451777    -3.86277200    -2.18714667     2.64355002 
 453	   453.00000000     0.00000000     0.42227738    -3.85308127    -2.45936964     2.40991241 
 454	   454.00000000     0.00000000     0.81831945    -3.80242611    -2.70665781     2.14828798 
 455	   455.00000000     0.00000000     1.20842442    -3.71105593    -2.92613845     1.86133521 
 456	   456.00000000     0.00000000     1.58840575    -3.57965485    -3.11522200     1.55200699 
 457	   457.00000000     0.00000000     1.95415472    -3.40933758    -3.27163218     1.22352051 
 458	   458.00000000     0.00000000     2.30168471    -3.20164060    -3.39343287     0.87932402 
 459	   459.00000000     0.00000000     2.62717455    -2.95850893    -3.47905157     0.52306095 
 460	   460.00000000     0.00000000     2.92701032    -2.68227827    -3.52729900     0.15853155 
 461	   461.00000000     0.00000000     3.19782539    -2.37565301    -3.53738470    -0.21034737 
 462	   462.00000000     0.00000000     3.43653797    -2.04168004    -3.50892835    -0.57958422 
 463	   463.00000000     0.00000000     3.64038601    -1.68371877    -3.44196679    -0.94515559 
 464	   464.00000000     0.00000000     3.80695887    -1.30540760    -3.33695647    -1.30304980 
 465	   465.00000000     0.00000000     3.93422549    -0.91062719    -3.19477142    -1.64931060 
 466	   466.00000000     0.00000000     4.02055878    -0.50346083    -3.01669665    -1.98008061 
 467	   467.00000000     0.00000000     4.06475577    -0.08815241    -2.80441699    -2.29164398 
 468	   468.00000000     0.00000000     4.06605350     0.33093762    -2.56000161    -2.58046777 
 469	   469.00000000     0.00000000     4.02414024     0.74937789    -2.28588414    -2.84324170 
 470	   470.00000000     0.00000000     3.93916202     1.16271278    -1.98483877    -3.07691566 
 471	   471.00000000     0.00000000     3.81172436     1.56650973    -1.65995247    -3.27873472 
 472	   472.00000000     0.00000000     3.64288904     1.95640663    -1.31459361    -3.44627119 
 473	   473.00000000     0.00000000     3.43416605     2.32815879    -0.95237727    -3.57745325 
 474	   474.00000000     0.00000000     3.18750069     2.67768498    -0.57712771    -3.67059004 
 475	   475.00000000     0.00000000     2.90525586     3.00111210    -0.19283822    -3.72439270 
 476	   476.00000000     0.00000000     2.59018990     3.29481791     0.19637106    -3.73799120 
 477	   477.00000000     0.00000000     2.24542997     3.55547141     0.58629709    -3.71094679 
 478	   478.00000000     0.00000000     1.87444130     3.78007039     0.97269901    -3.64325975 
 479	   479.00000000     0.00000000     1.48099267     3.96597575     1.35134397    -3.53537257 
 480	   480.00000000     0.00000000     1.06911837     4.11094219     1.71805321    -3.38816821 
 481	   481.00000000     0.00000000     0.64307707     4.21314492     2.06874784    -3.20296364 
 482	   482.00000000     0.00000000     0.20730796     4.27120205     2.39949391    -2.98149860 
 483	   483.00000000     0.00000000    -0.23361524     4.28419247     2.70654617    -2.72591971 
 484	   484.00000000     0.00000000    -0.67503215     4.25166888     2.98639012    -2.43876002 
 485	   485.00000000     0.00000000    -1.11224480     4.17366589     3.23578183    -2.12291424 
 486	   486.00000000     0.00000000    -1.54056745     4.05070303     3.45178513    -1.78160988 
 487	   487.00000000     0.00000000    -1.95537665     3.88378260     3.63180569    -1.41837449 
 488	   488.00000000     0.00000000    -2.35216100     3.67438238     3.77362166    -1.03699959 
 489	   489.00000000     0.00000000    -2.72657001     3.42444318     3.87541046    -0.64150125 
 490	   490.00000000     0.00000000    -3.07446167     3.13635138     3.93577142    -0.23607815 
 491	   491.00000000     0.00000000    -3.39194806     2.81291658     3.95374406     0.17493275 
 492	   492.00000000     0.00000000    -3.67543858     2.45734458     3.92882161     0.58710233 
 493	   493.00000000     0.00000000    -3.92168037     2.07320598     3.86095983     0.99595672 
 494	   494.00000000     0.00000000    -4.12779536     1.66440057     3.75058076     1.39702562 
 495	   495.00000000     0.00000000    -4.29131353     1.23511807     3.59857154     1.78589082 
 496	   496.00000000     0.00000000    -4.41020219     0.78979541     3.40627808     2.15823456 
 497	   497.00000000     0.00000000    -4.48289063     0.33307111     3.17549374     2.50988714 
 498	   498.00000000     0.00000000    -4.50829017    -0.13026279     2.90844314     2.83687328 
 499	   499.00000000     0.00000000    -4.48580904    -0.59531086     2.60776107     3.13545665 
 500	   500.00000000     0.00000000    -4.41536223    -1.05712576     2.27646686     3.40218214 
 501	   501.00000000     0.00000000    -4.29737586    -1.51076069     1.91793437     3.63391546 
 502	   502.00000000     0.00000000    -4.13278616    -1.95132223     1.53585798     3.82787940 
 503	   503.00000000     0.00000000    -3.92303307    -2.37402290     1.13421474     3.98168661 
 504	   504.00000000     0.00000000    -3.67004831    -2.77423304     0.71722331     4.09336834 
 505	   505.00000000     0.00000000    -3.37623816    -3.14753130     0.28929993     4.16139877 
 506	   506.00000000     0.00000000    -3.04446108    -3.48975329    -0.14498813     4.18471486 
 507	   507.00000000     0.00000000    -2.67800027    -3.79703783    -0.58097097     4.16273118 
 508	   508.00000000     0.00000000    -2.28053160    -4.06587029    -1.01392599     4.09534979 
 509	   509.00000000     0.00000000    -1.85608701    -4.29312245    -1.43912878     3.98296477 
 510	   510.00000000     0.00000000    -1.40901396    -4.47608864    -1.85190434     3.82646159 
 511	   511.00000000     0.00000000    -0.94393114    -4.61251753    -2.24767812     3.62721106 
 512	   512.00000000     0.00000000    -0.46568102    -4.70063928    -2.62202643     3.38705798 
 513	   513.00000000     0.00000000     0.02072034    -4.73918780    -2.97072549     3.10830458 
 514	   514.00000000     0.00000000     0.51013563    -4.72741770    -3.28979870     2.79368892 
 515	   515.00000000     0.00000000     0.99736042    -4.66511589    -3.57556157     2.44635834 
 516	   516.00000000     0.00000000     1.47717823    -4.55260745    -3.82466380     2.06983835 
 517	   517.00000000     0.00000000     1.94441618    -4.39075591    -4.03412806     1.66799713 
 518	   518.00000000     0.00000000     2.39400060    -4.18095770    -4.20138502     1.24500610 
 519	   519.00000000     0.00000000     2.82101189    -3.92513089    -4.32430414     0.80529695 
 520	   520.00000000     0.00000000     3.22073818    -3.62569829    -4.40122003     0.35351543 
 521	   521.00000000     0.00000000     3.58872705    -3.28556499    -4.43095388    -0.10552739 
 522	   522.00000000     0.00000000     3.92083496    -2.90809066    -4.41282980    -0.56690609 
 523	   523.00000000     0.00000000     4.21327360    -2.49705671    -4.34668586    -1.02563344 
 524	   524.00000000     0.00000000     4.46265285    -2.05662882    -4.23287959    -1.47671399 
 525	   525.00000000     0.00000000     4.66601970    -1.59131501    -4.07228791    -1.91519818 
 526	   526.00000000     0.00000000     4.82089286    -1.10591980    -3.86630148    -2.33623631 
 527	   527.00000000     0.00000000     4.92529250    -0.60549489    -3.61681335    -2.73513178 
 528	   528.00000000     0.00000000     4.97776480    -0.09528681    -3.32620219    -3.10739319 
 529	   529.00000000     0.00000000     4.97740115     0.41931778    -2.99731002    -3.44878445 
 530	   530.00000000     0.00000000     4.92385158     0.93284879    -2.63341491    -3.75537256 
 531	   531.00000000     0.00000000     4.81733228     1.43981056    -2.23819860    -4.02357247 
 532	   532.00000000     0.00000000     4.65862719     1.93474051    -1.81570964    -4.25018849 
 533	   533.00000000     0.00000000     4.44908349     2.41226773    -1.37032218    -4.43245174 
 534	   534.00000000     0.00000000     4.19060104     2.86717108    -0.90669105    -4.56805329 
 535	   535.00000000     0.00000000     3.88561583     3.29443604    -0.42970337    -4.65517259 
 536	   536.00000000     0.00000000     3.53707754     3.68930976     0.05557265    -4.69250076 
 537	   537.00000000     0.00000000     3.14842158     4.04735364     0.54394128    -4.67925854 
 538	   538.00000000     0.00000000     2.72353558     4.36449303     1.03013456    -4.61520866 
 539	   539.00000000     0.00000000     2.26672090     4.63706323     1.50886886    -4.50066238 
 540	   540.00000000     0.00000000     1.78264946     4.86185151     1.97490192    -4.33648019 
 541	   541.00000000     0.00000000     1.27631626     5.03613458     2.42308995    -4.12406654 
 542	   542.00000000     0.00000000     0.75298811     5.15771102     2.84844405    -3.86535864 
 543	   543.00000000     0.00000000     0.21814919     5.22492843     3.24618534    -3.56280948 
 544	   544.00000000     0.00000000    -0.32255620     5.23670481     3.61179824    -3.21936502 
 545	   545.00000000     0.00000000    -0.86338295     5.19254406     3.94108135    -2.83843599 
 546	   546.00000000     0.00000000    -1.39854590     5.09254522     4.23019517    -2.42386440 
 547	   547.00000000     0.00000000    -1.92228153     4.93740552     4.47570641    -1.97988516 
 548	   548.00000000     0.00000000    -2.42890975     4.72841692     4.67462809    -1.51108311 
 549	   549.00000000     0.00000000    -2.91289529     4.46745638     4.82445523    -1.02234607 
 550	   550.00000000     0.00000000    -3.36890794     4.15696971     4.92319546    -0.51881412 
 551	   551.00000000     0.00000000    -3.79188094     3.79994928     4.96939444    -0.00582590 
 552	   552.00000000     0.00000000    -4.17706710     3.39990566     4.96215553     0.51113772 
 553	   553.00000000     0.00000000    -4.52009170     2.96083361     4.90115367     1.02651185 
 554	   554.00000000     0.00000000    -4.81700195     2.48717255     4.78664310     1.53470721 
 555	   555.00000000     0.00000000    -5.06431208     1.98376207     4.61945891     2.03017036 
 556	   556.00000000     0.00000000    -5.25904391     1.45579283     4.40101233     2.50744408 
 557	   557.00000000     0.00000000    -5.39876213     0.90875336     4.13327974     2.96122709 
 558	   558.00000000     0.00000000    -5.48160410     0.34837330     3.81878545     3.38643256 
 559	   559.00000000     0.00000000    -5.50630365    -0.21943632     3.46057850     3.77824472 
 560	   560.00000000     0.00000000    -5.47220872    -0.78864515     3.06220357     4.13217295 
 561	   561.00000000     0.00000000    -5.37929248    -1.35316729     2.62766632     4.44410276 
 562	   562.00000000     0.00000000    -5.22815787    -1.90692610     2.16139351     4.71034306 
 563	   563.00000000     0.00000000    -5.02003541    -2.44391937     1.66818823     4.92766925 
 564	   564.00000000     0.00000000    -4.75677426    -2.95828409     1.15318078     5.09336151 
 565	   565.00000000     0.00000000    -4.44082664    -3.44436021     0.62177566     5.20523798 
 566	   566.00000000     0.00000000    -4.07522560    -3.89675264     0.07959510     5.26168236 
 567	   567.00000000     0.00000000    -3.66355651    -4.31039088    -0.46758001     5.26166556 
 568	   568.00000000     0.00000000    -3.20992234    -4.68058548    -1.01387151     5.20476119 
 569	   569.00000000     0.00000000    -2.71890327    -5.00308094    -1.55336676     5.09115465 
 570	   570.00000000     0.00000000    -2.19551077    -5.27410419    -2.08018228     4.92164568 
 571	   571.00000000     0.00000000    -1.64513689    -5.49040829    -2.58852757     4.69764430 
 572	   572.00000000     0.00000000    -1.07349904    -5.64931083    -3.07276840     4.42116006 
 573	   573.00000000     0.00000000    -0.48658087    -5.74872647    -3.52748884     4.09478481 
 574	   574.00000000     0.00000000     0.10942995    -5.78719331    -3.94755143     3.72166904 
 575	   575.00000000     0.00000000     0.70820677    -5.76389283    -4.32815475     3.30549192 
 576	   576.00000000     0.00000000     1.30335075    -5.67866299    -4.66488781     2.85042557 
 577	   577.00000000     0.00000000     1.88845898    -5.53200438    -4.95378064     2.36109355 
 578	   578.00000000     0.00000000     2.45719311    -5.32507942    -5.19135040     1.84252433 
 579	   579.00000000     0.00000000     3.00334770    -5.05970431    -5.37464272     1.30009996 
 580	   580.00000000     0.00000000     3.52091762    -4.73833402    -5.50126745     0.73950052 
 581	   581.00000000     0.00000000     4.00416386    -4.36404029    -5.56942876     0.16664501 
 582	   582.00000000     0.00000000     4.44767677    -3.94048286    -5.57794892    -0.41237082 
 583	   583.00000000     0.00000000     4.84643634    -3.47187423    -5.52628563    -0.99133900 
 584	   584.00000000     0.00000000     5.19586865    -2.96293825    -5.41454260    -1.56400557 
 585	   585.00000000     0.00000000     5.49189792    -2.41886290    -5.24347324    -2.12413778 
 586	   586.00000000     0.00000000     5.73099361    -1.84524780    -5.01447734    -2.66559156 
 587	   587.00000000     0.00000000     5.91021193    -1.24804699    -4.72959080    -3.18237854 
 588	   588.00000000     0.00000000     6.02723142    -0.63350745    -4.39146833    -3.66873187 
 589	   589.00000000     0.00000000     6.08038204    -0.00810410    -4.00335941    -4.11917015 
 590	   590.00000000     0.00000000     6.06866749     0.62152812    -3.56907764    -4.52855876 
 591	   591.00000000     0.00000000     5.99178045     1.24866429    -3.09296372    -4.89216783 
 592	   592.00000000     0.00000000     5.85011056     1.86656104    -2.57984253    -5.20572638 
 593	   593.00000000     0.00000000     5.64474492     2.46852878    -2.03497464    -5.46547182 
 594	   594.00000000     0.00000000     5.37746120     3.04800379    -1.46400274    -5.66819435 
 595	   595.00000000     0.00000000     5.05071321     3.59861949    -0.87289359    -5.81127573 
 596	   596.00000000     0.00000000     4.66760917     4.11427606    -0.26787598    -5.89272193 
 597	   597.00000000     0.00000000     4.23188278     4.58920771     0.34462451    -5.91118935 
 598	   598.00000000     0.00000000     3.74785743     5.01804678     0.95805345    -5.86600407 
 599	   599.00000000     0.00000000     3.22040377     5.39588401     1.56579733    -5.75717421 
 600	   600.00000000     0.00000000     2.65489120     5.71832432     2.16125450    -5.58539484 
 601	   601.00000000     0.00000000     2.05713359     5.98153750     2.73790653    -5.35204559 
 602	   602.00000000     0.00000000     1.43332995     6.18230303     3.28938913    -5.05918091 
 603	   603.00000000     0.00000000     0.79000048     6.31804887     3.80956204    -4.70951286 
 604	   604.00000000     0.00000000     0.13391883     6.38688339     4.29257692    -4.30638673 
 605	   605.00000000     0.00000000    -0.52795892     6.38762030     4.73294264    -3.85374970 
 606	   606.00000000     0.00000000    -1.18856766     6.31979613     5.12558719    -3.35611267 
 607	   607.00000000     0.00000000    -1.84080832     6.18368015     5.46591551    -2.81850581 
 608	   608.00000000     0.00000000    -2.47762384     5.98027641     5.74986265    -2.24642812 
 609	   609.00000000     0.00000000    -3.09207520     5.71131792     5.97394152    -1.64579161 
 610	   610.00000000     0.00000000    -3.67741669     5.37925305     6.13528484    -1.02286057 
 611	   611.00000000     0.00000000    -4.22716963     4.98722404     6.23168066    -0.38418661 
 612	   612.00000000     0.00000000    -4.73519372     4.53903801     6.26160112     0.26345988 
 613	   613.00000000     0.00000000    -5.19575525     4.03913056     6.22422398     0.91316115 
 614	   614.00000000     0.00000000    -5.60359139     3.49252248     6.11944674     1.55792561 
 615	   615.00000000     0.00000000    -5.95396991     2.90476972     5.94789312     2.19076268 
 616	   616.00000000     0.00000000    -6.24274356     2.28190747     5.71091169     2.80475824 
 617	   617.00000000     0.00000000    -6.46639853     1.63038857     5.41056673     3.39314975 
 618	   618.00000000     0.00000000    -6.62209654     0.95701703     5.04962126     3.94940029 
 619	   619.00000000     0.00000000    -6.70770984     0.26887744     4.63151245     4.46727078 
 620	   620.00000000     0.00000000    -6.72184889    -0.42673928     4.16031956     4.94088945 
 621	   621.00000000     0.00000000    -6.66388229    -1.12241270     3.64072469     5.36481789 
 622	   622.00000000     0.00000000    -6.53394870    -1.81067174     3.07796678     5.73411292 
 623	   623.00000000     0.00000000    -6.33296058    -2.48407449     2.47778925     6.04438356 
 624	   624.00000000     0.00000000    -6.06259963    -3.13528837     1.84638179     6.29184249 
 625	   625.00000000     0.00000000    -5.72530397    -3.75716960     1.19031698     6.47335137 
 626	   626.00000000     0.00000000    -5.32424706    -4.34284120     0.51648220     6.58645945 
 627	   627.00000000     0.00000000    -4.86330865    -4.88576865    -0.16799225     6.62943515 
 628	   628.00000000     0.00000000    -4.34703786    -5.37983243    -0.85580823     6.60129003 
 629	   629.00000000     0.00000000    -3.78060890    -5.81939650    -1.53957722     6.50179496 
 630	   630.00000000     0.00000000    -3.16976975    -6.19937218    -2.21189928     6.33148823 
 631	   631.00000000     0.00000000    -2.52078426    -6.51527649    -2.86544273     6.09167542 
 632	   632.00000000     0.00000000    -1.84036843    -6.76328444    -3.49302373     5.78442102 
 633	   633.00000000     0.00000000    -1.13562131    -6.94027455    -4.08768479     5.41253182 
 634	   634.00000000     0.00000000    -0.41395136    -7.04386722    -4.64277144     4.97953213 
 635	   635.00000000     0.00000000     0.31700104    -7.07245527    -5.15200621     4.48963109 
 636	   636.00000000     0.00000000     1.04944410    -7.02522650    -5.60955909     3.94768244 
 637	   637.00000000     0.00000000     1.77551727    -6.90217779    -6.01011367     3.35913690 
 638	   638.00000000     0.00000000     2.48737527    -6.70412067    -6.34892825     2.72998791 
 639	   639.00000000     0.00000000     3.17727242    -6.43267810    -6.62189119     2.06671099 
 640	   640.00000000     0.00000000     3.83764660    -6.09027257    -6.82556991     1.37619760 
 641	   641.00000000     0.00000000     4.46120170    -5.68010553    -6.95725286     0.66568387 
 642	   642.00000000     0.00000000     5.04098784    -5.20612825    -7.01498415    -0.05732479 
 643	   643.00000000     0.00000000     5.57047840    -4.67300449    -6.99759013    -0.78513257 
 644	   644.00000000     0.00000000     6.04364306    -4.08606525    -6.90469789    -1.50993481 
 645	   645.00000000     0.00000000     6.45501592    -3.45125598    -6.73674519    -2.22390124 
 646	   646.00000000     0.00000000     6.79975813    -2.77507692    -6.49498171    -2.91926025 
 647	   647.00000000     0.00000000     7.07371413    -2.06451701    -6.18146160    -3.58838299 
 648	   648.00000000     0.00000000     7.27346097    -1.32698210    -5.79902732    -4.22386663 
 649	   649.00000000     0.00000000     7.39635007    -0.57021821    -5.35128478    -4.81861584 
 650	   650.00000000     0.00000000     7.44054101     0.19776939    -4.84257022    -5.36592144 
 651	   651.00000000     0.00000000     7.40502675     0.96880047    -4.27790881    -5.85953559 
 652	   652.00000000     0.00000000     7.28965016     1.73460655    -3.66296562    -6.29374249 
 653	   653.00000000     0.00000000     7.09511153     2.48691918    -3.00398934    -6.66342386 
 654	   654.00000000     0.00000000     6.82296685     3.21755879    -2.30774925    -6.96411853 
 655	   655.00000000     0.00000000     6.47561692     3.91852324    -1.58146616    -7.19207533 
 656	   656.00000000     0.00000000     6.05628735     4.58207503    -0.83273795    -7.34429874 
 657	   657.00000000     0.00000000     5.56899945     5.20082626    -0.06946048    -7.41858673 
 658	   658.00000000     0.00000000     5.01853249     5.76782047     0.70025520    -7.41356035 
 659	   659.00000000     0.00000000     4.41037746     6.27661032     1.46816870    -7.32868461 
 660	   660.00000000     0.00000000     3.75068291     6.72133041     2.22599803    -7.16428054 
 661	   661.00000000     0.00000000     3.04619337     7.09676428     2.96550855    -6.92152798 
 662	   662.00000000     0.00000000     2.30418085     7.39840492     3.67860196    -6.60245923 
 663	   663.00000000     0.00000000     1.53237032     7.62250810     4.35740458    -6.20994345 
 664	   664.00000000     0.00000000     0.73885974     7.76613778     4.99435375    -5.74766190 
 665	   665.00000000     0.00000000    -0.06796448     7.82720325     5.58228163    -5.22007432 
 666	   666.00000000     0.00000000    -0.87951564     7.80448735     6.11449525    -4.63237660 
 667	   667.00000000     0.00000000    -1.68709770     7.69766554     6.58485208    -3.99045024 
 668	   668.00000000     0.00000000    -2.48199809     7.50731550     6.98783030    -3.30080411 
 669	   669.00000000     0.00000000    -3.25558121     7.23491707     7.31859275    -2.57050892 
 670	   670.00000000     0.00000000    -3.99938182     6.88284249     7.57304413    -1.80712525 
 671	   671.00000000     0.00000000    -4.70519726     6.45433707     7.74788050    -1.01862572 
 672	   672.00000000     0.00000000    -5.36517743     5.95349018     7.84063070    -0.21331219 
 673	   673.00000000     0.00000000    -5.97191161     5.38519710     7.84968911     0.60027122 
 674	   674.00000000     0.00000000    -6.51851117     4.75511189     7.77433926     1.41342834 
 675	   675.00000000     0.00000000    -6.99868719     4.06959177     7.61476811     2.21740349 
 676	   676.00000000     0.00000000    -7.40682225     3.33563359     7.37207067     3.00347528 
 677	   677.00000000     0.00000000    -7.73803539     2.56080294     7.04824489     3.76305077 
 678	   678.00000000     0.00000000    -7.98823966     1.75315672     6.64617678     4.48775897 
 679	   679.00000000     0.00000000    -8.15419153     0.92115983     6.16961585     5.16954253 
 680	   680.00000000     0.00000000    -8.23353152     0.07359692     5.62314110     5.80074687 
 681	   681.00000000     0.00000000    -8.22481567    -0.78051986     5.01211782     6.37420545 
 682	   682.00000000     0.00000000    -8.12753733    -1.63204624     4.34264558     6.88332059 
 683	   683.00000000     0.00000000    -7.94213902    -2.47180330     3.62149798     7.32213865 
 684	   684.00000000     0.00000000    -7.67001420    -3.29067592     2.85605464     7.68541880 
 685	   685.00000000     0.00000000    -7.31349883    -4.07971127     2.05422625     7.96869474 
 686	   686.00000000     0.00000000    -6.87585265    -4.83021622     1.22437328     8.16832841 
 687	   687.00000000     0.00000000    -6.36123051    -5.53385264     0.37521929     8.28155526 
 688	   688.00000000     0.00000000    -5.77464379    -6.18272951    -0.48424034     8.30652037 
 689	   689.00000000     0.00000000    -5.12191241    -6.76949085    -1.34483317     8.24230515 
 690	   690.00000000     0.00000000    -4.40960776    -7.28739856    -2.19730724     8.08894401 
 691	   691.00000000     0.00000000    -3.64498716    -7.73040912    -3.03242998     7.84743106 
 692	   692.00000000     0.00000000    -2.83592052    -8.09324338    -3.84108778     7.51971637 
 693	   693.00000000     0.00000000    -1.99080992    -8.37144858    -4.61438494     7.10869200 
 694	   694.00000000     0.00000000    -1.11850281    -8.56145199    -5.34374103     6.61816781 
 695	   695.00000000     0.00000000    -0.22819998    -8.66060532    -6.02098553     6.05283711 
 696	   696.00000000     0.00000000     0.67064106    -8.66721961    -6.63844876     5.41823266 
 697	   697.00000000     0.00000000     1.56840602    -8.58058998    -7.18904812     4.72067326 
 698	   698.00000000     0.00000000     2.45542618    -8.40101001    -7.66636859     3.96720147 
 699	   699.00000000     0.00000000     3.32208208    -8.12977540    -8.06473669     3.16551314 
 700	   700.00000000     0.00000000     4.15890728    -7.76917700    -8.37928690     2.32387932 
 701	   701.00000000     0.00000000     4.95669133    -7.32248293    -8.60601999     1.45106151 
 702	   702.00000000     0.00000000     5.70658056    -6.79391022    -8.74185237     0.55622091 
 703	   703.00000000     0.00000000     6.40017586    -6.18858592    -8.78465594    -0.35117722 
 704	   704.00000000     0.00000000     7.02962613    -5.51249825    -8.73328804    -1.26146323 
 705	   705.00000000     0.00000000     7.58771652    -4.77243807    -8.58761087    -2.16486561 
 706	   706.00000000     0.00000000     8.06795050    -3.97593137    -8.34850036    -3.05161544 
 707	   707.00000000     0.00000000     8.46462465    -3.13116332    -8.01784414    -3.91205149 
 708	   708.00000000     0.00000000     8.77289554    -2.24689481    -7.59852861    -4.73672500 
 709	   709.00000000     0.00000000     8.98883775    -1.33237208    -7.09441515    -5.51650289 
 710	   710.00000000     0.00000000     9.10949242    -0.39723064    -6.51030571    -6.24266837 
 711	   711.00000000     0.00000000     9.13290583     0.54860577    -5.85189801    -6.90701773 
 712	   712.00000000     0.00000000     9.05815725     1.49502996    -5.12573074    -7.50195238 
 713	   713.00000000     0.00000000     8.88537608     2.43185876    -4.33911932    -8.02056505 
 714	   714.00000000     0.00000000     8.61574765     3.34894211    -3.50008292    -8.45671910 
 715	   715.00000000     0.00000000     8.25150775     4.23627249    -2.61726322    -8.80512023 
 716	   716.00000000     0.00000000     7.79592586     5.08409360    -1.69983603    -9.06137951 
 717	   717.00000000     0.00000000     7.25327708     5.88300706    -0.75741640    -9.22206728 
 718	   718.00000000     0.00000000     6.62880308     6.62407609     0.20004158    -9.28475698 
 719	   719.00000000     0.00000000     5.92866237     7.29892477     1.16234946    -9.24805860 
 720	   720.00000000     0.00000000     5.15987038     7.89983214     2.11919229    -9.11164115 
 721	   721.00000000     0.00000000     4.33022985     8.41981978     3.06023873    -8.87624398 
 722	   722.00000000     0.00000000     3.44825235     8.85273204     3.97525207    -8.54367657 
 723	   723.00000000     0.00000000     2.52307152     9.19330799     4.85420102    -8.11680687 
 724	   724.00000000     0.00000000     1.56434915     9.43724422     5.68736919    -7.59953816 
 725	   725.00000000     0.00000000     0.58217480     9.58124780     6.46546185    -6.99677455 
 726	   726.00000000     0.00000000    -0.41303981     9.62307865     7.17970905    -6.31437554 
 727	   727.00000000     0.00000000    -1.41067061     9.56158103     7.82196375    -5.55909991 
 728	   728.00000000     0.00000000    -2.39999409     9.39670341     8.38479402    -4.73853952 
 729	   729.00000000     0.00000000    -3.37030197     9.12950668     8.86156817    -3.86104373 
 730	   730.00000000     0.00000000    -4.31101659     8.76216047     9.24653192    -2.93563509 
 731	   731.00000000     0.00000000    -5.21180565     8.29792748     9.53487671    -1.97191711 
 732	   732.00000000     0.00000000    -6.06269514     7.74113588     9.72279822    -0.97997522 
 733	   733.00000000     0.00000000    -6.85417912     7.09714019     9.80754468     0.02972826 
 734	   734.00000000     0.00000000    -7.57732532     6.37227068     9.78745406     1.04646389 
 735	   735.00000000     0.00000000    -8.22387526     5.57377210     9.66197987     2.05934865 
 736	   736.00000000     0.00000000    -8.78633777     4.70973194     9.43170514     3.05746186 
 737	   737.00000000     0.00000000    -9.25807499     3.78899929     9.09834437     4.02996239 
 738	   738.00000000     0.00000000    -9.63337971     2.82109488     8.66473323     4.96620587 
 739	   739.00000000     0.00000000    -9.90754326     1.81611322     8.13480626     5.85586059 
 740	   740.00000000     0.00000000   -10.07691313     0.78461797     7.51356248     6.68902096 
 741	   741.00000000     0.00000000   -10.13893963    -0.26246853     6.80701933     7.45631709 
 742	   742.00000000     0.00000000   -10.09221093    -1.31398034     6.02215535     8.14901953 
 743	   743.00000000     0.00000000    -9.93647626    -2.35862639     5.16684204     8.75913775 
 744	   744.00000000     0.00000000    -9.67265656    -3.38511119     4.24976572     9.27951148 
 745	   745.00000000     0.00000000    -9.30284282    -4.38225633     3.28033992     9.70389377 
 746	   746.00000000     0.00000000    -8.83028159    -5.33912170     2.26860945    10.02702472 
 747	   747.00000000     0.00000000    -8.25934818    -6.24512483     1.22514692    10.24469532 
 748	   748.00000000     0.00000000    -7.59550731    -7.09015732     0.16094281    10.35380021 
 749	   749.00000000     0.00000000    -6.84526190    -7.86469697    -0.91270969    10.35237918 
 750	   750.00000000     0.00000000    -6.01609032    -8.55991433    -1.98433401    10.23964648 
 751	   751.00000000     0.00000000    -5.11637261    -9.16777256    -3.04239223    10.01600779 
 752	   752.00000000     0.00000000    -4.15530659    -9.68111950    -4.07540884     9.68306447 
 753	   753.00000000     0.00000000    -3.14281452   -10.09377076    -5.07209455     9.24360500 
 754	   754.00000000     0.00000000    -2.08944134   -10.40058307    -6.02146908     8.70158356 
 755	   755.00000000     0.00000000    -1.00624548   -10.59751689    -6.91298151     8.06208593 
 756	   756.00000000     0.00000000     0.09531662   -10.68168756    -7.73662688     7.33128296 
 757	   757.00000000     0.00000000     1.20351103   -10.65140440    -8.48305770     6.51637209 
 758	   758.00000000     0.00000000     2.30645075   -10.50619726    -9.14368929     5.62550729 
 759	   759.00000000     0.00000000     3.39222261   -10.24683004    -9.71079758     4.66771830 
 760	   760.00000000     0.00000000     4.44901530    -9.87530107   -10.17760845     3.65281987 
 761	   761.00000000     0.00000000     5.46524727    -9.39483025   -10.53837742     2.59131179 
 762	   762.00000000     0.00000000     6.42969299    -8.80983281   -10.78845887     1.49427100 
 763	   763.00000000     0.00000000     7.33160631    -8.12588022   -10.92436396     0.37323654 
 764	   764.00000000     0.00000000     8.16083944    -7.34964818   -10.94380648    -0.75991116 
 765	   765.00000000     0.00000000     8.90795641    -6.48885251   -10.84573615    -1.89307562 
 766	   766.00000000     0.00000000     9.56433961    -5.55217329   -10.63035879    -3.01407287 
 767	   767.00000000     0.00000000    10.12228825    -4.54916821   -10.29914323    -4.11076181 
 768	   768.00000000     0.00000000    10.57510772    -3.49017573    -9.85481455    -5.17117514 
 769	   769.00000000     0.00000000    10.91718860    -2.38620926    -9.30133391    -6.18364929 
 770	   770.00000000     0.00000000    11.14407472    -1.24884331    -8.64386480    -7.13695209 
 771	   771.00000000     0.00000000    11.25251911    -0.09009278    -7.88872622    -8.02040664 
 772	   772.00000000     0.00000000    11.24052742     1.07771333    -7.04333300    -8.82401019 
 773	   773.00000000     0.00000000    11.10738818     2.24206241    -6.11612403    -9.53854650 
 774	   774.00000000     0.00000000    10.85368937     3.39039171    -5.11647880   -10.15569073 
 775	   775.00000000     0.00000000    10.48132118     4.51022324    -4.05462334   -10.66810531 
 776	   776.00000000     0.00000000     9.99346479     5.58929869    -2.94152635   -11.06952600 
 777	   777.00000000     0.00000000     9.39456710     6.61571294    -1.78878658   -11.35483698 
 778	   778.00000000     0.00000000     8.69030172     7.57804469    -0.60851261   -11.52013415 
 779	   779.00000000     0.00000000     7.88751649     8.46548285     0.58680370   -11.56277586 
 780	   780.00000000     0.00000000     6.99416791     9.26794715     1.78441877   -11.48142035 
 781	   781.00000000     0.00000000     6.01924328     9.97620182     2.97147257   -11.27604960 
 782	   782.00000000     0.00000000     4.97267112    10.58196089     4.13512605   -10.94797900 
 783	   783.00000000     0.00000000     3.86522089    11.07798410     5.26269941   -10.49985283 
 784	   784.00000000     0.00000000     2.70839289    11.45816212     6.34180958    -9.93562539 
 785	   785.00000000     0.00000000     1.51429956    11.71759027     7.36050553    -9.26052785 
 786	   786.00000000     0.00000000     0.29553941    11.85262974     8.30739992    -8.48102123 
 787	   787.00000000     0.00000000    -0.93493530    11.86095563     9.17179559    -7.60473574 
 788	   788.00000000     0.00000000    -2.16395546    11.74159121     9.94380559    -6.64039710 
 789	   789.00000000     0.00000000    -3.37827543    11.49492784    10.61446530    -5.59774062 
 790	   790.00000000     0.00000000    -4.56471510    11.12273035    11.17583551    -4.48741373 
 791	   791.00000000     0.00000000    -5.71030225    10.62812768    11.62109512    -3.32086806 
 792	   792.00000000     0.00000000    -6.80241365    10.01558871    11.94462258    -2.11024204 
 793	   793.00000000     0.00000000    -7.82891348     9.29088359    12.14206490    -0.86823528 
 794	   794.00000000     0.00000000    -8.77828734     8.46103067    12.21039364     0.39202391 
 795	   795.00000000     0.00000000    -9.63977062     7.53422974    12.14794695     1.65711670 
 796	   796.00000000     0.00000000   -10.40346966     6.51978198    11.95445728     2.91347591 
 797	   797.00000000     0.00000000   -11.06047434     5.42799759    11.63106423     4.14753086 
 798	   798.00000000     0.00000000   -11.60296096     4.27009180    11.18031244     5.34585331 
 799	   799.00000000     0.00000000   -12.02428405     3.05807054    10.60613429     6.49530283 
 800	   800.00000000     0.00000000   -12.31905623     1.80460663     9.91381756     7.58317025 
 801	   801.00000000     0.00000000   -12.48321502     0.52290808     9.10995830     8.59731739 
 802	   802.00000000     0.00000000   -12.51407586    -0.77342037     8.20239930     9.52631169 
 803	   803.00000000     0.00000000   -12.41037073    -2.07052100     7.20015466    10.35955421 
 804	   804.00000000     0.00000000   -12.17227171    -3.35443045     6.11332127    11.08739964 
 805	   805.00000000     0.00000000   -11.80139922    -4.61122942     4.95297800    11.70126679 
 806	   806.00000000     0.00000000   -11.30081482    -5.82719276     3.73107359    12.19373856 
 807	   807.00000000     0.00000000   -10.67499828    -6.98893869     2.46030438    12.55865002 
 808	   808.00000000     0.00000000    -9.92980934    -8.08357522     1.15398316    12.79116369 
 809	   809.00000000     0.00000000    -9.07243433    -9.09884246    -0.17409959    12.88783108 
 810	   810.00000000     0.00000000    -8.11131809   -10.02324901    -1.50982060    12.84663971 
 811	   811.00000000     0.00000000    -7.05608190   -10.84620113    -2.83887326    12.66704509 
 812	   812.00000000     0.00000000    -5.91742814   -11.55812308    -4.14692019    12.34998703 
 813	   813.00000000     0.00000000    -4.70703267   -12.15056742    -5.41974720    11.89789019 
 814	   814.00000000     0.00000000    -3.43742595   -12.61631384    -6.64341703    11.31464867 
 815	   815.00000000     0.00000000    -2.12186415   -12.94945555    -7.80442120    10.60559462 
 816	   816.00000000     0.00000000    -0.77419149   -13.14547215    -8.88982834     9.77745119 
 817	   817.00000000     0.00000000     0.59130467   -13.20128798    -9.88742745     8.83827023 
 818	   818.00000000     0.00000000     1.96004453   -13.11531547   -10.78586426     7.79735519 
 819	   819.00000000     0.00000000     3.31731080   -12.88748265   -11.57476957     6.66517000 
 820	   820.00000000     0.00000000     4.64840619   -12.51924459   -12.24487776     5.45323492 
 821	   821.00000000     0.00000000     5.93881177   -12.01357853   -12.78813432     4.17401013 
 822	   822.00000000     0.00000000     7.17434459   -11.37496245   -13.19779115     2.84076852 
 823	   823.00000000     0.00000000     8.34131275   -10.60933750   -13.46848848     1.46745874 
 824	   824.00000000     0.00000000     9.42666623    -9.72405425   -13.59632243     0.06856005 
 825	   825.00000000     0.00000000    10.41814199    -8.72780356   -13.57889738    -1.34106961 
 826	   826.00000000     0.00000000    11.30440148    -7.63053235   -13.41536256    -2.74635070 
 827	   827.00000000     0.00000000    12.07515928    -6.44334539   -13.10643224    -4.13214261 
 828	   828.00000000     0.00000000    12.72130125    -5.17839390   -12.65438921    -5.48340611 
 829	   829.00000000     0.00000000    13.23499089    -3.84875206   -12.06307144    -6.78536575 
 830	   830.00000000     0.00000000    13.60976274    -2.46828274   -11.33784199    -8.02367068 
 831	   831.00000000     0.00000000    13.84060164    -1.05149382   -10.48554214    -9.18455198 
 832	   832.00000000     0.00000000    13.92400695     0.38661350    -9.51442846   -10.25497490 
 833	   833.00000000     0.00000000    13.85804091     1.83070273    -8.43409411   -11.22278430 
 834	   834.00000000     0.00000000    13.64236052     3.26526486    -7.25537518   -12.07684159 
 835	   835.00000000     0.00000000    13.27823249     4.67478411    -5.99024313   -12.80715187 
 836	   836.00000000     0.00000000    12.76853091     6.04390499    -4.65168406   -13.40497950 
 837	   837.00000000     0.00000000    12.11771767     7.35759871    -3.25356639   -13.86295105 
 838	   838.00000000     0.00000000    11.33180558     8.60132733    -1.81049797   -14.17514437 
 839	   839.00000000     0.00000000    10.41830461     9.76120374    -0.33767426   -14.33716259 
 840	   840.00000000     0.00000000     9.38615156    10.82414576     1.14928083   -14.34619232 
 841	   841.00000000     0.00000000     8.24562389    11.77802271     2.63447996   -14.20104517 
 842	   842.00000000     0.00000000     7.00823855    12.61179269     4.10194130   -13.90218220 
 843	   843.00000000     0.00000000     5.68663669    13.31562918     5.53575972   -13.45172067 
 844	   844.00000000     0.00000000     4.29445551    13.88103540     6.92027842   -12.85342312 
 845	   845.00000000     0.00000000     2.84618844    14.30094517     8.24025901   -12.11266862 
 846	   846.00000000     0.00000000     1.35703514    14.56980910     9.48104844   -11.23640652 
 847	   847.00000000     0.00000000    -0.15725717    14.68366504    10.62874070   -10.23309286 
 848	   848.00000000     0.00000000    -1.68055939    14.64019196    11.67033174    -9.11261017 
 849	   849.00000000     0.00000000    -3.19653152    14.43874649    12.59386572    -7.88617145 
 850	   850.00000000     0.00000000    -4.68879710    14.08038170    13.38857106    -6.56620899 
 851	   851.00000000     0.00000000    -6.14111923    13.56784777    14.04498473    -5.16624939 
 852	   852.00000000     0.00000000    -7.53757647    12.90557432    14.55506337    -3.70077593 
 853	   853.00000000     0.00000000    -8.86273637    12.09963460    14.91227987    -2.18507959 
 854	   854.00000000     0.00000000   -10.10182521    11.15769172    15.11170441    -0.63510041 
 855	   855.00000000     0.00000000   -11.24089161    10.08892732    15.15006884     0.93273936 
 856	   856.00000000     0.00000000   -12.26696261     8.90395352    15.02581368     2.50170836 
 857	   857.00000000     0.00000000   -13.16819025     7.61470870    14.73911708     4.05494392 
 858	   858.00000000     0.00000000   -13.93398707     6.23433834    14.29190524     5.57563242 
 859	   859.00000000     0.00000000   -14.55514900     4.77706205    13.68784423     7.04719048 
 860	   860.00000000     0.00000000   -15.02396428     3.25802804    12.93231289     8.45344492 
 861	   861.00000000     0.00000000   -15.33430697     1.69315659    12.03235723     9.77880966 
 862	   862.00000000     0.00000000   -15.48171418     0.09897408    10.99662650    11.00845746 
 863	   863.00000000     0.00000000   -15.46344582    -1.50756062     9.83529164    12.12848484 
 864	   864.00000000     0.00000000   -15.27852630    -3.10923572     8.55994668    13.12606812 
 865	   865.00000000     0.00000000   -14.92776755    -4.68877002     7.18349423    13.98960908 
 866	   866.00000000     0.00000000   -14.41377282    -6.22899849     5.72001604    14.70886839 
 867	   867.00000000     0.00000000   -13.74092142    -7.71305788     4.18462991    15.27508542 
 868	   868.00000000     0.00000000   -12.91533408    -9.12457041     2.59333454    15.68108293 
 869	   869.00000000     0.00000000   -11.94481935   -10.44782357     0.96284373    15.92135563 
 870	   870.00000000     0.00000000   -10.83880149   -11.66794397    -0.68958831    15.99214119 
 871	   871.00000000     0.00000000    -9.60823046   -12.77106341    -2.34634864    15.89147317 
 872	   872.00000000     0.00000000    -8.26547476   -13.74447529    -3.98965245    15.61921494 
 873	   873.00000000     0.00000000    -6.82419833   -14.57677968    -5.60173314    15.17707415 
 874	   874.00000000     0.00000000    -5.29922262   -15.25801524    -7.16503348    14.56859751 
 875	   875.00000000     0.00000000    -3.70637519   -15.77977668    -8.66239596    13.79914573 
 876	   876.00000000     0.00000000    -2.06232639   -16.13531627   -10.07725012    12.87584879 
 877	   877.00000000     0.00000000    -0.38441592   -16.31962820   -11.39379496    11.80754181 
 878	   878.00000000     0.00000000     1.30952918   -16.32951482   -12.59717434    10.60468222 
 879	   879.00000000     0.00000000     3.00138299   -16.16363384   -13.67364348     9.27924876 
 880	   880.00000000     0.00000000     4.67291374   -15.82252595   -14.61072468     7.84462355 
 881	   881.00000000     0.00000000     6.30597936   -15.30862229   -15.39735053     6.31545810 
 882	   882.00000000     0.00000000     7.88272343   -14.62623168   -16.02399297     4.70752479 
 883	   883.00000000     0.00000000     9.38576945   -13.78150753   -16.48277670     3.03755520 
 884	   884.00000000     0.00000000    10.79841131   -12.78239464   -16.76757564     1.32306700 
 885	   885.00000000     0.00000000    12.10479791   -11.63855634   -16.87409127    -0.41781888 
 886	   886.00000000     0.00000000    13.29010985   -10.36128264   -16.79991181    -2.16656882 
 887	   887.00000000     0.00000000    14.34072632    -8.96338020   -16.54455162    -3.90443293 
 888	   888.00000000     0.00000000    15.24438019    -7.45904519   -16.10947008    -5.61264515 
 889	   889.00000000     0.00000000    15.99029968    -5.86372029   -15.49806977    -7.27262498 
 890	   890.00000000     0.00000000    16.56933496    -4.19393725   -14.71567361    -8.86617859 
 891	   891.00000000     0.00000000    16.97406807    -2.46714668   -13.76948135   -10.37569730 
 892	   892.00000000     0.00000000    17.19890512    -0.70153661   -12.66850542   -11.78435108 
 893	   893.00000000     0.00000000    17.24014941     1.08415805   -11.42348689   -13.07627510 
 894	   894.00000000     0.00000000    17.09605466     2.87085333   -10.04679226   -14.23674722 
 895	   895.00000000     0.00000000    16.76685765     4.63931922    -8.55229197   -15.25235447 
 896	   896.00000000     0.00000000    16.25478971     6.37038561    -6.95522196   -16.11114656 
 897	   897.00000000     0.00000000    15.56406684     8.04514915    -5.27202944   -16.80277484 
 898	   898.00000000     0.00000000    14.70085838     9.64517862    -3.52020468   -17.31861498 
 899	   899.00000000     0.00000000    13.67323445    11.15271671    -1.71810023   -17.65187195 
 900	   900.00000000     0.00000000    12.49109251    12.55087597     0.11526027   -17.79766614 
 901	   901.00000000     0.00000000    11.16606380    13.82382677     1.96038198   -17.75309938 
 902	   902.00000000     0.00000000     9.71140039    14.95697524     3.79750515   -17.51730028 
 903	   903.00000000     0.00000000     8.14184399    15.93712911     5.60681578   -17.09144790 
 904	   904.00000000     0.00000000     6.47347784    16.75264970     7.36865833   -16.47877371 
 905	   905.00000000     0.00000000     4.72356306    17.39358822     9.06374827   -15.68454136 
 906	   906.00000000     0.00000000     2.91036114    17.85180486    10.67338210   -14.71600452 
 907	   907.00000000     0.00000000     1.05294450    18.12106922    12.17964264   -13.58234300 
 908	   908.00000000     0.00000000    -0.82900310    18.19714099    13.56559736   -12.29457767 
 909	   909.00000000     0.00000000    -2.71539419    18.07782963    14.81548743   -10.86546505 
 910	   910.00000000     0.00000000    -4.58595090    17.76303254    15.91490561    -9.30937234 
 911	   911.00000000     0.00000000    -6.42042194    17.25475097    16.85096076    -7.64213443 
 912	   912.00000000     0.00000000    -8.19880082    16.55708337    17.61242726    -5.88089394 
 913	   913.00000000     0.00000000    -9.90154294    15.67619619    18.18987760    -4.04392614 
 914	   914.00000000     0.00000000   -11.50977928    14.62027211    18.57579651    -2.15045044 
 915	   915.00000000     0.00000000   -13.00552432    13.39943629    18.76467537    -0.22043035 
 916	   916.00000000     0.00000000   -14.37187593    12.02566114    18.75308574     1.72563592 
 917	   917.00000000     0.00000000   -15.59320502    10.51265053    18.53973093     3.66693219 
 918	   918.00000000     0.00000000   -16.65533281     8.87570459    18.12547516     5.58254589 
 919	   919.00000000     0.00000000   -17.54569375     7.13156624    17.51334953     7.45169237 
 920	   920.00000000     0.00000000   -18.25348227     5.29825130    16.70853483     9.25393931 
 921	   921.00000000     0.00000000   -18.76978156     3.39486346    15.71832107    10.96942900 
 922	   922.00000000     0.00000000   -19.08767297     1.44139646    14.55204401    12.57909603 
 923	   923.00000000     0.00000000   -19.20232468    -0.54147491    13.22099931    14.06487795 
 924	   924.00000000     0.00000000   -19.11105851    -2.53261252    11.73833490    15.40991667 
 925	   925.00000000     0.00000000   -18.81339406    -4.51063915    10.11892271    16.59874836 
 926	   926.00000000     0.00000000   -18.31106946    -6.45416692     8.37921095    17.61747961 
 927	   927.00000000     0.00000000   -17.60803838    -8.34202747     6.53705838    18.45394807 
 928	   928.00000000     0.00000000   -16.71044325   -10.15350140     4.61155220    19.09786550 
 929	   929.00000000     0.00000000   -15.62656464   -11.86854447     2.62281150    19.54094178 
 930	   930.00000000     0.00000000   -14.36674731   -13.46800817     0.59177812    19.77698820 
 931	   931.00000000     0.00000000   -12.94330349   -14.93385226    -1.46000269    19.80199896 
 932	   932.00000000     0.00000000   -11.37039432   -16.24934675    -3.51060980    19.61420974 
 933	   933.00000000     0.00000000    -9.66389051   -17.39926140    -5.53797930    19.21413257 
 934	   934.00000000     0.00000000    -7.84121369   -18.37004022    -7.52014082    18.60456648 
 935	   935.00000000     0.00000000    -5.92115981   -19.14995934    -9.43545448    17.79058358 
 936	   936.00000000     0.00000000    -3.92370663   -19.72926622   -11.26284603    16.77949066 
 937	   937.00000000     0.00000000    -1.86980700   -20.10029860   -12.98203756    15.58076644 
 938	   938.00000000     0.00000000     0.21882973   -20.25758186   -14.57377120    14.20597497 
 939	   939.00000000     0.00000000     2.31996602   -20.19790347   -16.02002356    12.66865610 
 940	   940.00000000     0.00000000     4.41107181   -19.92036361   -17.30420833    10.98419380 
 941	   941.00000000     0.00000000     6.46956495   -19.42640132   -18.41136487     9.16966378 
 942	   942.00000000     0.00000000     8.47305389   -18.71979561   -19.32833067     7.24366180 
 943	   943.00000000     0.00000000    10.39958011   -17.80664137   -20.04389569     5.22611443 
 944	   944.00000000     0.00000000    12.22785753   -16.69530026   -20.54893676     3.13807414 
 945	   945.00000000     0.00000000    13.93750643   -15.39632673   -20.83653053     1.00150084 
 946	   946.00000000     0.00000000    15.50927929   -13.92237006   -20.90204354    -1.16096791 
 947	   947.00000000     0.00000000    16.92527598   -12.28805301   -20.74319827    -3.32625561 
 948	   948.00000000     0.00000000    18.16914604   -10.50982850   -20.36011438    -5.47109191 
 949	   949.00000000     0.00000000    19.22627565    -8.60581544   -19.75532436    -7.57226157 
 950	   950.00000000     0.00000000    20.08395735    -6.59561555   -18.93376347    -9.60685453 
 951	   951.00000000     0.00000000    20.73154027    -4.50011293   -17.90273359   -11.55251458 
 952	   952.00000000     0.00000000    21.16055947    -2.34125831   -16.67184154   -13.38768371 
 953	   953.00000000     0.00000000    21.36484254    -0.14184040   -15.25291203   -15.09183967 
 954	   954.00000000     0.00000000    21.34059236     2.07475349   -13.65987618   -16.64572410 
 955	   955.00000000     0.00000000    21.08644479     4.28478495   -11.90863664   -18.03155861 
 956	   956.00000000     0.00000000    20.60350073     6.46441747   -10.01691043   -19.23324652 
 957	   957.00000000     0.00000000    19.89533168     8.58997232    -8.00405130   -20.23655794 
 958	   958.00000000     0.00000000    18.96795895    10.63818460    -5.89085307   -21.02929608 
 959	   959.00000000     0.00000000    17.82980615    12.58645653    -3.69933619   -21.60144280 
 960	   960.00000000     0.00000000    16.49162569    14.41310549    -1.45251958   -21.94528191 
 961	   961.00000000     0.00000000    14.96639951    16.09760389     0.82581995   -22.05549841 
 962	   962.00000000     0.00000000    13.26921521    17.62080834     3.11139809   -21.92925270 
 963	   963.00000000     0.00000000    11.41711864    18.96517553     5.37968062   -21.56622868 
 964	   964.00000000     0.00000000     9.42894428    20.11496245     7.60614563   -20.96865505 
 965	   965.00000000     0.00000000     7.32512528    21.05640864     9.76654732   -20.14129930 
 966	   966.00000000     0.00000000     5.12748483    21.77789837    11.83717882   -19.09143449 
 967	   967.00000000     0.00000000     2.85901117    22.27010095    13.79513102   -17.82877873 
 968	   968.00000000     0.00000000     0.54361840    22.52608735    15.61854464   -16.36540796 
 969	   969.00000000     0.00000000    -1.79410430    22.54142190    17.28685285   -14.71564278 
 970	   970.00000000     0.00000000    -4.12915257    22.31422772    18.78101164   -12.89591028 
 971	   971.00000000     0.00000000    -6.43637309    21.84522513    20.08371547   -10.92458225 
 972	   972.00000000     0.00000000    -8.69073320    21.13774232    21.17959580    -8.82179134 
 973	   973.00000000     0.00000000   -10.86759123    20.19769810    22.05540007    -6.60922697 
 974	   974.00000000     0.00000000   -12.94296452    19.03355661    22.70014930    -4.30991301 
 975	   975.00000000     0.00000000   -14.89379223    17.65625425    23.10527229    -1.94796957 
 976	   976.00000000     0.00000000   -16.69819011    16.07909959    23.26471487     0.45163868 
 977	   977.00000000     0.00000000   -18.33569441    14.31764697    23.17502290     2.86336514 
 978	   978.00000000     0.00000000   -19.78749225    12.38954504    22.83539779     5.26135192 
 979	   979.00000000     0.00000000   -21.03663583    10.31436167    22.24772396     7.61970584 
 980	   980.00000000     0.00000000   -22.06823812     8.11338702    21.41656753     9.91277671 
 981	   981.00000000     0.00000000   -22.86964772     5.80941658    20.34914622    12.11543497 
 982	   982.00000000     0.00000000   -23.43060094     3.42651653    19.05527049    14.20334576 
 983	   983.00000000     0.00000000   -23.74334926     0.98977376    17.54725636    16.15323629 
 984	   984.00000000     0.00000000   -23.80276056    -1.47496692    15.83981066    17.94315375 
 985	   985.00000000     0.00000000   -23.60639300    -3.94137555    13.94988979    19.55271082 
 986	   986.00000000     0.00000000   -23.15454041    -6.38291698    11.89653320    20.96331607 
 987	   987.00000000     0.00000000   -22.45024857    -8.77313500     9.70067332    22.15838667 
 988	   988.00000000     0.00000000   -21.49930202   -11.08593767     7.38492384    23.12354107 
 989	   989.00000000     0.00000000   -20.31018123   -13.29588073     4.97334827    23.84676925 
 990	   990.00000000     0.00000000   -18.89399049   -15.37844607     2.49121141    24.31857872 
 991	   991.00000000     0.00000000   -17.26435708   -17.31031219    -0.03528400    24.53211451 
 992	   992.00000000     0.00000000   -15.43730252   -19.06961377    -2.57927248    24.48325158 
 993	   993.00000000     0.00000000   -13.43108714   -20.63618727    -5.11351017    24.17065852 
 994	   994.00000000     0.00000000   -11.26602946   -21.99180015    -7.61066518    23.59583166 
 995	   995.00000000     0.00000000    -8.96430215   -23.12036075   -10.04361107    22.76309903 
 996	   996.00000000     0.00000000    -6.54970654   -24.00810676   -12.38572010    21.67959383 
 997	   997.00000000     0.00000000    -4.04742807   -24.64376989   -14.61115319    20.35519755 
 998	   998.00000000     0.00000000    -1.48377502   -25.01871485   -16.69514356    18.80245317 
 999	   999.00000000     0.00000000     1.11409665   -25.12705106   -18.61427070    17.03644901 
1000	  1000.00000000     0.00000000     3.71846954   -24.96571554   -20.34672191    15.07467451 
