 0.00   0.00
 0.04   0.00
 0.08   0.00
 0.12   0.00
 0.16   0.00
 0.20   0.00
 0.24   0.00
 0.28   0.00
 0.32   0.00
 0.36   0.00
 0.40   0.00
 0.44   0.00
 0.48   0.00
 0.52   0.02
 0.56   0.06
 0.60   0.09
 0.64   0.12
 0.68   0.15
 0.72   0.17
 0.76   0.19
 0.80   0.21
 0.84   0.22
 0.88   0.24
 0.92   0.24
 0.96   0.25
 1.00   0.25
 1.04   0.25
 1.08   0.24
 1.12   0.24
 1.16   0.22
 1.20   0.21
 1.24   0.19
 1.28   0.17
 1.32   0.15
 1.36   0.12
 1.40   0.09
 1.44   0.06
 1.48   0.02
 1.52   0.00
 1.56   0.00
 1.60   0.00
 1.64   0.00
 1.68   0.00
 1.72   0.00
 1.76   0.00
 1.80   0.00
 1.84   0.00
 1.88   0.00
 1.92   0.00
 1.96   0.00
 2.00   0.00
0.000000 0.000000 0.000000 0.000000 0.000000 0.000000 0.000000 0.000000 0.000000 0.000000 0.000000 0.000000 0.000000 0.000000 0.000000 0.000000 0.000000 0.000000 0.000000 0.000000 0.000000 0.000000 0.000000 0.000000 0.000000 0.000000 0.000000 0.000000 0.000000 0.000000 0.000000 0.000000 0.000000 0.000000 0.000000 0.000000 0.000000 0.000000 0.000000 0.000000 0.000000 0.000000 0.000000 0.000000 0.000000 0.000000 0.000000 0.000000 0.000000 0.000000 0.000000 
0.000000 0.000000 0.000000 0.000000 0.000000 0.000000 0.000000 0.000000 0.000000 0.000000 0.000000 0.000000 0.000000 0.000000 0.000000 0.000000 0.000000 0.000000 0.000000 0.000000 0.000000 0.000000 0.000000 0.000000 0.000000 0.000000 0.000000 0.000000 0.000000 0.000000 0.000000 0.000000 0.000000 0.000000 0.000000 0.000000 0.000000 0.000000 0.000000 0.000000 0.000000 0.000000 0.000000 0.000000 0.000000 0.000000 0.000000 0.000000 0.000000 0.000000 0.000000 
0.000000 0.000000 0.000000 0.000000 0.000000 0.000000 0.000000 0.000000 0.000000 0.000000 0.000000 0.000000 0.000000 0.000000 0.000000 0.000000 0.000000 0.000000 0.000000 0.000000 0.000000 0.000000 0.000000 0.000000 0.000000 0.000000 0.000000 0.000000 0.000000 0.000000 0.000000 0.000000 0.000000 0.000000 0.000000 0.000000 0.000000 0.000000 0.000000 0.000000 0.000000 0.000000 0.000000 0.000000 0.000000 0.000000 0.000000 0.000000 0.000000 0.000000 0.000000 
0.000000 0.000000 0.000000 0.000000 0.000000 0.000000 0.000000 0.000000 0.000000 0.000000 0.000000 0.000000 0.000000 0.000000 0.000000 0.000000 0.000000 0.000000 0.000000 0.000000 0.000000 0.000000 0.000000 0.000000 0.000000 0.000000 0.000000 0.000000 0.000000 0.000000 0.000000 0.000000 0.000000 0.000000 0.000000 0.000000 0.000000 0.000000 0.000000 0.000000 0.000000 0.000000 0.000000 0.000000 0.000000 0.000000 0.000000 0.000000 0.000000 0.000000 0.000000 
0.000000 0.000000 0.000000 0.000000 0.000000 0.000000 0.000000 0.000000 0.000000 0.000000 0.000000 0.000000 0.000000 0.000000 0.000000 0.000000 0.000000 0.000000 0.000000 0.000000 0.000000 0.000000 0.000000 0.000000 0.000000 0.000000 0.000000 0.000000 0.000000 0.000000 0.000000 0.000000 0.000000 0.000000 0.000000 0.000000 0.000000 0.000000 0.000000 0.000000 0.000000 0.000000 0.000000 0.000000 0.000000 0.000000 0.000000 0.000000 0.000000 0.000000 0.000000 
0.000000 0.000000 0.000000 0.000000 0.000000 0.000000 0.000000 0.000000 0.000000 0.000000 0.000000 0.000000 0.000000 0.000000 0.000000 0.000000 0.000000 0.000000 0.000000 0.000000 0.000000 0.000000 0.000000 0.000000 0.000000 0.000000 0.000000 0.000000 0.000000 0.000000 0.000000 0.000000 0.000000 0.000000 0.000000 0.000000 0.000000 0.000000 0.000000 0.000000 0.000000 0.000000 0.000000 0.000000 0.000000 0.000000 0.000000 0.000000 0.000000 0.000000 0.000000 
0.000000 0.000000 0.000000 0.000000 0.000000 0.000000 0.000000 0.000000 0.000000 0.000000 0.000000 0.000000 0.000000 0.000000 0.000000 0.000000 0.000000 0.000000 0.000000 0.000000 0.000000 0.000000 0.000000 0.000000 0.000000 0.000000 0.000000 0.000000 0.000000 0.000000 0.000000 0.000000 0.000000 0.000000 0.000000 0.000000 0.000000 0.000000 0.000000 0.000000 0.000000 0.000000 0.000000 0.000000 0.000000 0.000000 0.000000 0.000000 0.000000 0.000000 0.000000 
0.000000 0.000000 0.000000 0.000000 0.000000 0.000000 0.000000 0.000000 0.000000 0.000000 0.000000 0.000000 0.000000 0.000000 0.000000 0.000000 0.000000 0.000000 0.000000 0.000000 0.000000 0.000000 0.000000 0.000000 0.000000 0.000000 0.000000 0.000000 0.000000 0.000000 0.000000 0.000000 0.000000 0.000000 0.000000 0.000000 0.000000 0.000000 0.000000 0.000000 0.000000 0.000000 0.000000 0.000000 0.000000 0.000000 0.000000 0.000000 0.000000 0.000000 0.000000 
0.000000 0.000000 0.000000 0.000000 0.000000 0.000000 0.000000 0.000000 0.000000 0.000000 0.000000 0.000000 0.000000 0.000000 0.000000 0.000000 0.000000 0.000000 0.000000 0.000000 0.000000 0.000000 0.000000 0.000000 0.000000 0.000000 0.000000 0.000000 0.000000 0.000000 0.000000 0.000000 0.000000 0.000000 0.000000 0.000000 0.000000 0.000000 0.000000 0.000000 0.000000 0.000000 0.000000 0.000000 0.000000 0.000000 0.000000 0.000000 0.000000 0.000000 0.000000 
0.000000 0.000000 0.000000 0.000000 0.000000 0.000000 0.000000 0.000000 0.000000 0.000000 0.000000 0.000000 0.000000 0.000000 0.000000 0.000000 0.000000 0.000000 0.000000 0.000000 0.000000 0.000000 0.000000 0.000000 0.000000 0.000000 0.000000 0.000000 0.000000 0.000000 0.000000 0.000000 0.000000 0.000000 0.000000 0.000000 0.000000 0.000000 0.000000 0.000000 0.000000 0.000000 0.000000 0.000000 0.000000 0.000000 0.000000 0.000000 0.000000 0.000000 0.000000 
0.000000 0.000000 0.000000 0.000000 0.000000 0.000000 0.000000 0.000000 0.000000 0.000000 0.000000 0.000000 0.000000 0.000000 0.000000 0.000000 0.000000 0.000000 0.000000 0.000000 0.000000 0.000000 0.000000 0.000000 0.000000 0.000000 0.000000 0.000000 0.000000 0.000000 0.000000 0.000000 0.000000 0.000000 0.000000 0.000000 0.000000 0.000000 0.000000 0.000000 0.000000 0.000000 0.000000 0.000000 0.000000 0.000000 0.000000 0.000000 0.000000 0.000000 0.000000 
0.000000 0.000000 0.000000 0.000000 0.000000 0.000000 0.000000 0.000000 0.000000 0.000000 0.000000 0.000000 0.000000 0.000000 0.000000 0.000000 0.000000 0.000000 0.000000 0.000000 0.000000 0.000000 0.000000 0.000000 0.000000 0.000000 0.000000 0.000000 0.000000 0.000000 0.000000 0.000000 0.000000 0.000000 0.000000 0.000000 0.000000 0.000000 0.000000 0.000000 0.000000 0.000000 0.000000 0.000000 0.000000 0.000000 0.000000 0.000000 0.000000 0.000000 0.000000 
0.000000 0.000000 0.000000 0.000000 0.000000 0.000000 0.000000 0.000000 0.000000 0.000000 0.000000 0.000000 0.000000 0.000000 0.000000 0.000000 0.000000 0.000000 0.000000 0.000000 0.000000 0.000000 0.000000 0.000000 0.000000 0.000000 0.000000 0.000000 0.000000 0.000000 0.000000 0.000000 0.000000 0.000000 0.000000 0.000000 0.000000 0.000000 0.000000 0.000000 0.000000 0.000000 0.000000 0.000000 0.000000 0.000000 0.000000 0.000000 0.000000 0.000000 0.000000 
0.019600 0.009800 0.004900 0.002450 0.001225 0.000612 0.000306 0.000153 0.000077 0.000038 0.000019 0.000010 0.000005 0.000002 0.000001 0.000001 0.000000 0.000000 0.000000 0.000000 0.000000 0.000000 0.000000 0.000000 0.000000 0.000000 0.000000 0.000000 0.000000 0.000000 0.000000 0.000000 0.000000 0.000000 0.000000 0.000000 0.000000 0.000000 0.000000 0.000000 0.000000 0.000000 0.000000 0.000000 0.000000 0.000000 0.000000 0.000000 0.000000 0.000000 0.000000 
0.056400 0.038000 0.023900 0.014400 0.008425 0.004825 0.002719 0.001512 0.000833 0.000455 0.000246 0.000133 0.000071 0.000038 0.000020 0.000011 0.000006 0.000003 0.000002 0.000001 0.000000 0.000000 0.000000 0.000000 0.000000 0.000000 0.000000 0.000000 0.000000 0.000000 0.000000 0.000000 0.000000 0.000000 0.000000 0.000000 0.000000 0.000000 0.000000 0.000000 0.000000 0.000000 0.000000 0.000000 0.000000 0.000000 0.000000 0.000000 0.000000 0.000000 0.000000 
0.090000 0.073200 0.055600 0.039750 0.027075 0.017750 0.011287 0.007003 0.004258 0.002545 0.001500 0.000873 0.000503 0.000287 0.000163 0.000091 0.000051 0.000028 0.000016 0.000009 0.000005 0.000003 0.000001 0.000001 0.000000 0.000000 0.000000 0.000000 0.000000 0.000000 0.000000 0.000000 0.000000 0.000000 0.000000 0.000000 0.000000 0.000000 0.000000 0.000000 0.000000 0.000000 0.000000 0.000000 0.000000 0.000000 0.000000 0.000000 0.000000 0.000000 0.000000 
0.120400 0.105200 0.089200 0.072400 0.056075 0.041575 0.029662 0.020475 0.013739 0.008998 0.005772 0.003636 0.002255 0.001379 0.000833 0.000498 0.000295 0.000173 0.000101 0.000058 0.000033 0.000019 0.000011 0.000006 0.000003 0.000002 0.000001 0.000001 0.000000 0.000000 0.000000 0.000000 0.000000 0.000000 0.000000 0.000000 0.000000 0.000000 0.000000 0.000000 0.000000 0.000000 0.000000 0.000000 0.000000 0.000000 0.000000 0.000000 0.000000 0.000000 0.000000 
0.147600 0.134000 0.119600 0.104400 0.088400 0.072237 0.056906 0.043284 0.031880 0.022809 0.015904 0.010838 0.007237 0.004746 0.003062 0.001948 0.001223 0.000759 0.000466 0.000283 0.000171 0.000102 0.000061 0.000036 0.000021 0.000012 0.000007 0.000004 0.000002 0.000001 0.000001 0.000000 0.000000 0.000000 0.000000 0.000000 0.000000 0.000000 0.000000 0.000000 0.000000 0.000000 0.000000 0.000000 0.000000 0.000000 0.000000 0.000000 0.000000 0.000000 0.000000 
0.171600 0.159600 0.146800 0.133200 0.118800 0.103600 0.087919 0.072412 0.057848 0.044864 0.033837 0.024870 0.017854 0.012546 0.008646 0.005854 0.003901 0.002562 0.001660 0.001063 0.000673 0.000422 0.000262 0.000161 0.000098 0.000060 0.000036 0.000021 0.000013 0.000008 0.000004 0.000003 0.000002 0.000001 0.000001 0.000000 0.000000 0.000000 0.000000 0.000000 0.000000 0.000000 0.000000 0.000000 0.000000 0.000000 0.000000 0.000000 0.000000 0.000000 0.000000 
0.192400 0.182000 0.170800 0.158800 0.146000 0.132400 0.118000 0.102959 0.087686 0.072767 0.058816 0.046326 0.035598 0.026726 0.019636 0.014141 0.009997 0.006949 0.004755 0.003208 0.002135 0.001404 0.000913 0.000587 0.000374 0.000236 0.000148 0.000092 0.000057 0.000035 0.000021 0.000013 0.000008 0.000005 0.000003 0.000002 0.000001 0.000001 0.000000 0.000000 0.000000 0.000000 0.000000 0.000000 0.000000 0.000000 0.000000 0.000000 0.000000 0.000000 0.000000 
0.210000 0.201200 0.191600 0.181200 0.170000 0.158000 0.145200 0.131600 0.117280 0.102483 0.087625 0.073220 0.059773 0.047686 0.037206 0.028421 0.021281 0.015639 0.011294 0.008025 0.005616 0.003876 0.002640 0.001777 0.001182 0.000778 0.000507 0.000328 0.000210 0.000133 0.000084 0.000053 0.000033 0.000020 0.000012 0.000008 0.000005 0.000003 0.000002 0.000001 0.000001 0.000000 0.000000 0.000000 0.000000 0.000000 0.000000 0.000000 0.000000 0.000000 0.000000 
0.224400 0.217200 0.209200 0.200400 0.190800 0.180400 0.169200 0.157200 0.144400 0.130840 0.116661 0.102143 0.087682 0.073727 0.060707 0.048956 0.038689 0.029985 0.022812 0.017053 0.012539 0.009078 0.006477 0.004558 0.003167 0.002175 0.001476 0.000992 0.000660 0.000435 0.000284 0.000184 0.000118 0.000075 0.000048 0.000030 0.000019 0.000012 0.000007 0.000004 0.000003 0.000002 0.000001 0.000001 0.000000 0.000000 0.000000 0.000000 0.000000 0.000000 0.000000 
0.235600 0.230000 0.223600 0.216400 0.208400 0.199600 0.190000 0.179600 0.168400 0.156400 0.143620 0.130141 0.116142 0.101912 0.087820 0.074263 0.061610 0.050149 0.040067 0.031439 0.024246 0.018393 0.013735 0.010106 0.007332 0.005250 0.003712 0.002594 0.001793 0.001226 0.000831 0.000557 0.000371 0.000244 0.000160 0.000104 0.000067 0.000043 0.000027 0.000017 0.000011 0.000007 0.000004 0.000003 0.000002 0.000001 0.000001 0.000000 0.000000 0.000000 0.000000 
0.243600 0.239600 0.234800 0.229200 0.222800 0.215600 0.207600 0.198800 0.189200 0.178800 0.167600 0.155610 0.142875 0.129509 0.115710 0.101765 0.088014 0.074812 0.062481 0.051274 0.041357 0.032801 0.025597 0.019666 0.014886 0.011109 0.008179 0.005946 0.004270 0.003032 0.002129 0.001480 0.001019 0.000695 0.000470 0.000315 0.000209 0.000138 0.000091 0.000059 0.000038 0.000024 0.000016 0.000010 0.000006 0.000004 0.000002 0.000002 0.000001 0.000001 0.000000 
0.248400 0.246000 0.242800 0.238800 0.234000 0.228400 0.222000 0.214800 0.206800 0.198000 0.188400 0.178000 0.166805 0.154840 0.142174 0.128942 0.115354 0.101684 0.088248 0.075364 0.063319 0.052338 0.042570 0.034083 0.026875 0.020880 0.015995 0.012087 0.009016 0.006643 0.004837 0.003483 0.002482 0.001750 0.001222 0.000846 0.000580 0.000395 0.000267 0.000179 0.000119 0.000078 0.000051 0.000034 0.000022 0.000014 0.000009 0.000006 0.000004 0.000002 0.000001 
0.250000 0.249200 0.247600 0.245200 0.242000 0.238000 0.233200 0.227600 0.221200 0.214000 0.206000 0.197200 0.187600 0.177202 0.166021 0.154098 0.141520 0.128437 0.115060 0.101654 0.088509 0.075914 0.064126 0.053348 0.043715 0.035295 0.028088 0.022041 0.017064 0.013040 0.009842 0.007340 0.005411 0.003946 0.002848 0.002035 0.001441 0.001010 0.000703 0.000485 0.000332 0.000225 0.000152 0.000102 0.000068 0.000045 0.000029 0.000019 0.000012 0.000008 0.000005 
0.248400 0.249200 0.249200 0.248400 0.246800 0.244400 0.241200 0.237200 0.232400 0.226800 0.220400 0.213200 0.205200 0.196400 0.186801 0.176411 0.165255 0.153387 0.140912 0.127986 0.114820 0.101665 0.088789 0.076458 0.064903 0.054309 0.044802 0.036445 0.029243 0.023154 0.018097 0.013969 0.010654 0.008033 0.005990 0.004419 0.003227 0.002334 0.001672 0.001187 0.000836 0.000584 0.000404 0.000278 0.000190 0.000129 0.000087 0.000058 0.000039 0.000026 0.000017 
0.243600 0.246000 0.247600 0.248400 0.248400 0.247600 0.246000 0.243600 0.240400 0.236400 0.231600 0.226000 0.219600 0.212400 0.204400 0.195601 0.186006 0.175630 0.164509 0.152710 0.140348 0.127584 0.114624 0.101707 0.089082 0.076992 0.065651 0.055226 0.045836 0.037539 0.030346 0.024222 0.019096 0.014875 0.011454 0.008722 0.006570 0.004899 0.003616 0.002644 0.001916 0.001376 0.000980 0.000692 0.000485 0.000338 0.000233 0.000160 0.000109 0.000074 0.000050 
0.235600 0.239600 0.242800 0.245200 0.246800 0.247600 0.247600 0.246800 0.245200 0.242800 0.239600 0.235600 0.230800 0.225200 0.218800 0.211600 0.203600 0.194803 0.185217 0.174863 0.163787 0.152067 0.139826 0.127225 0.114466 0.101774 0.089383 0.077517 0.066372 0.056104 0.046822 0.038584 0.031403 0.025249 0.020062 0.015758 0.012240 0.009405 0.007152 0.005384 0.004014 0.002965 0.002170 0.001575 0.001134 0.000809 0.000573 0.000403 0.000282 0.000195 0.000135 
0.224400 0.230000 0.234800 0.238800 0.242000 0.244400 0.246000 0.246800 0.246800 0.246000 0.244400 0.242000 0.238800 0.234800 0.230000 0.224400 0.218000 0.210800 0.202802 0.194009 0.184436 0.174111 0.163089 0.151458 0.139341 0.126904 0.114339 0.101861 0.089689 0.078030 0.067067 0.056944 0.047764 0.039583 0.032416 0.026239 0.020999 0.016619 0.013012 0.010082 0.007733 0.005874 0.004419 0.003295 0.002435 0.001784 0.001297 0.000935 0.000669 0.000475 0.000335 
0.210000 0.217200 0.223600 0.229200 0.234000 0.238000 0.241200 0.243600 0.245200 0.246000 0.246000 0.245200 0.243600 0.241200 0.238000 0.234000 0.229200 0.223600 0.217200 0.210001 0.202005 0.193220 0.183666 0.173378 0.162418 0.150879 0.138892 0.126615 0.114238 0.101964 0.089997 0.078532 0.067738 0.057751 0.048667 0.040542 0.033391 0.027195 0.021907 0.017460 0.013771 0.010752 0.008313 0.006366 0.004830 0.003633 0.002709 0.002003 0.001469 0.001069 0.000772 
0.192400 0.201200 0.209200 0.216400 0.222800 0.228400 0.233200 0.237200 0.240400 0.242800 0.244400 0.245200 0.245200 0.244400 0.242800 0.240400 0.237200 0.233200 0.228400 0.222800 0.216400 0.209203 0.201212 0.192439 0.182908 0.172663 0.161771 0.150331 0.138473 0.126356 0.114160 0.102078 0.090305 0.079022 0.068386 0.058527 0.049534 0.041462 0.034328 0.028118 0.022789 0.018280 0.014516 0.011414 0.008890 0.006860 0.005247 0.003978 0.002990 0.002230 0.001649 
0.171600 0.182000 0.191600 0.200400 0.208400 0.215600 0.222000 0.227600 0.232400 0.236400 0.239600 0.242000 0.243600 0.244400 0.244400 0.243600 0.242000 0.239600 0.236400 0.232400 0.227600 0.222000 0.215601 0.208407 0.200423 0.191665 0.182164 0.171968 0.161150 0.149811 0.138084 0.126122 0.114100 0.102203 0.090612 0.079499 0.069013 0.059274 0.050368 0.042348 0.035233 0.029011 0.023645 0.019081 0.015247 0.012069 0.009465 0.007356 0.005667 0.004328 0.003279 
0.147600 0.159600 0.170800 0.181200 0.190800 0.199600 0.207600 0.214800 0.221200 0.226800 0.231600 0.235600 0.238800 0.241200 0.242800 0.243600 0.243600 0.242800 0.241200 0.238800 0.235600 0.231600 0.226800 0.221201 0.214804 0.207613 0.199639 0.190902 0.181435 0.171292 0.160552 0.149318 0.137720 0.125910 0.114056 0.102334 0.090917 0.079965 0.069619 0.059994 0.051171 0.043202 0.036106 0.029876 0.024478 0.019863 0.015966 0.012715 0.010035 0.007851 0.006090 
0.120400 0.134000 0.146800 0.158800 0.170000 0.180400 0.190000 0.198800 0.206800 0.214000 0.220400 0.226000 0.230800 0.234800 0.238000 0.240400 0.242000 0.242800 0.242800 0.242000 0.240400 0.238000 0.234800 0.230800 0.226000 0.220402 0.214008 0.206823 0.198863 0.190149 0.180720 0.170636 0.159977 0.148848 0.137379 0.125718 0.114026 0.102471 0.091218 0.080419 0.070206 0.060689 0.051945 0.044026 0.036951 0.030715 0.025289 0.020627 0.016671 0.013353 0.010602 
0.090000 0.105200 0.119600 0.133200 0.146000 0.158000 0.169200 0.179600 0.189200 0.198000 0.206000 0.213200 0.219600 0.225200 0.230000 0.234000 0.237200 0.239600 0.241200 0.242000 0.242000 0.241200 0.239600 0.237200 0.234000 0.230000 0.225201 0.219604 0.213214 0.206038 0.198093 0.189407 0.180021 0.169999 0.159424 0.148401 0.137060 0.125543 0.114007 0.102613 0.091516 0.080861 0.070775 0.061360 0.052693 0.044822 0.037768 0.031528 0.026078 0.021375 0.017364 
0.056400 0.073200 0.089200 0.104400 0.118800 0.132400 0.145200 0.157200 0.168400 0.178800 0.188400 0.197200 0.205200 0.212400 0.218800 0.224400 0.229200 0.233200 0.236400 0.238800 0.240400 0.241200 0.241200 0.240400 0.238800 0.236400 0.233200 0.229201 0.224403 0.218808 0.212423 0.205258 0.197333 0.188677 0.179338 0.169381 0.158891 0.147975 0.136759 0.125383 0.113998 0.102757 0.091809 0.081292 0.071326 0.062009 0.053416 0.045592 0.038560 0.032319 0.026847 
0.019600 0.038000 0.055600 0.072400 0.088400 0.103600 0.118000 0.131600 0.144400 0.156400 0.167600 0.178000 0.187600 0.196400 0.204400 0.211600 0.218000 0.223600 0.228400 0.232400 0.235600 0.238000 0.239600 0.240400 0.240400 0.239600 0.238000 0.235600 0.232400 0.228401 0.223605 0.218014 0.211636 0.204484 0.196581 0.187959 0.178670 0.168781 0.158378 0.147569 0.136476 0.125237 0.113997 0.102903 0.092097 0.081712 0.071860 0.062638 0.054115 0.046338 0.039328 
0.000000 0.009800 0.023900 0.039750 0.056075 0.072237 0.087919 0.102959 0.117280 0.130840 0.143620 0.155610 0.166805 0.177202 0.186801 0.195601 0.203600 0.210800 0.217200 0.222800 0.227600 0.231600 0.234800 0.237200 0.238800 0.239600 0.239600 0.238800 0.237200 0.234800 0.231601 0.227603 0.222808 0.217222 0.210853 0.203717 0.195838 0.187254 0.178017 0.168198 0.157883 0.147179 0.136208 0.125102 0.114003 0.103050 0.092381 0.082121 0.072379 0.063247 0.054792 
0.000000 0.000000 0.004900 0.014400 0.027075 0.041575 0.056906 0.072412 0.087686 0.102483 0.116661 0.130141 0.142875 0.154840 0.166021 0.176411 0.186006 0.194803 0.202802 0.210001 0.216400 0.222000 0.226800 0.230800 0.234000 0.236400 0.238000 0.238800 0.238800 0.238000 0.236400 0.234000 0.230802 0.226805 0.222014 0.216434 0.210075 0.202957 0.195105 0.186561 0.177380 0.167631 0.157405 0.146807 0.135955 0.124979 0.114014 0.103198 0.092659 0.082519 0.072883 
0.000000 0.000000 0.000000 0.002450 0.008425 0.017750 0.029662 0.043284 0.057848 0.072767 0.087625 0.102143 0.116142 0.129509 0.142174 0.154098 0.165255 0.175630 0.185217 0.194009 0.202005 0.209203 0.215601 0.221201 0.226000 0.230000 0.233200 0.235600 0.237200 0.238000 0.238000 0.237200 0.235600 0.233201 0.230003 0.226008 0.221221 0.215648 0.209302 0.202204 0.194383 0.185881 0.176756 0.167081 0.156944 0.146449 0.135714 0.124864 0.114031 0.103345 0.092932 
0.000000 0.000000 0.000000 0.000000 0.001225 0.004825 0.011287 0.020475 0.031880 0.044864 0.058816 0.073220 0.087682 0.101912 0.115710 0.128942 0.141520 0.153387 0.164509 0.174863 0.184436 0.193220 0.201212 0.208407 0.214804 0.220402 0.225201 0.229201 0.232400 0.234800 0.236400 0.237200 0.237200 0.236400 0.234801 0.232402 0.229205 0.225213 0.220431 0.214866 0.208535 0.201459 0.193670 0.185213 0.176147 0.166545 0.156497 0.146106 0.135485 0.124758 0.114051 
0.000000 0.000000 0.000000 0.000000 0.000000 0.000612 0.002719 0.007003 0.013739 0.022809 0.033837 0.046326 0.059773 0.073727 0.087820 0.101765 0.115354 0.128437 0.140912 0.152710 0.163787 0.174111 0.183666 0.192439 0.200423 0.207613 0.214008 0.219604 0.224403 0.228401 0.231601 0.234000 0.235600 0.236400 0.236400 0.235600 0.234001 0.231603 0.228408 0.224419 0.219643 0.214089 0.207774 0.200722 0.192968 0.184557 0.175551 0.166024 0.156065 0.145775 0.135266 
0.000000 0.000000 0.000000 0.000000 0.000000 0.000000 0.000306 0.001512 0.004258 0.008998 0.015904 0.024870 0.035598 0.047686 0.060707 0.074263 0.088014 0.101684 0.115060 0.127986 0.140348 0.152067 0.163089 0.173378 0.182908 0.191665 0.199639 0.206823 0.213214 0.218808 0.223605 0.227603 0.230802 0.233201 0.234801 0.235600 0.235600 0.234801 0.233202 0.230805 0.227612 0.223627 0.218858 0.213316 0.207019 0.199993 0.192275 0.183913 0.174969 0.165517 0.155646 
0.000000 0.000000 0.000000 0.000000 0.000000 0.000000 0.000000 0.000153 0.000833 0.002545 0.005772 0.010838 0.017854 0.026726 0.037206 0.048956 0.061610 0.074812 0.088248 0.101654 0.114820 0.127584 0.139826 0.151458 0.162418 0.172663 0.182164 0.190902 0.198863 0.206038 0.212423 0.218014 0.222808 0.226805 0.230003 0.232402 0.234001 0.234801 0.234801 0.234001 0.232403 0.230008 0.226818 0.222838 0.218077 0.212548 0.206271 0.199273 0.191593 0.183281 0.174399 
0.000000 0.000000 0.000000 0.000000 0.000000 0.000000 0.000000 0.000000 0.000077 0.000455 0.001500 0.003636 0.007237 0.012546 0.019636 0.028421 0.038689 0.050149 0.062481 0.075364 0.088509 0.101665 0.114624 0.127225 0.139341 0.150879 0.161771 0.171968 0.181435 0.190149 0.198093 0.205258 0.211636 0.217222 0.222014 0.226008 0.229205 0.231603 0.233202 0.234001 0.234001 0.233202 0.231605 0.229211 0.226025 0.222051 0.217299 0.211785 0.205529 0.198561 0.190921 
0.000000 0.000000 0.000000 0.000000 0.000000 0.000000 0.000000 0.000000 0.000000 0.000038 0.000246 0.000873 0.002255 0.004746 0.008646 0.014141 0.021281 0.029985 0.040067 0.051274 0.063319 0.075914 0.088789 0.101707 0.114466 0.126904 0.138892 0.150331 0.161150 0.171292 0.180720 0.189407 0.197333 0.204484 0.210853 0.216434 0.221221 0.225213 0.228408 0.230805 0.232403 0.233202 0.233202 0.232404 0.230807 0.228416 0.225233 0.221266 0.216526 0.211027 0.204794 
0.000000 0.000000 0.000000 0.000000 0.000000 0.000000 0.000000 0.000000 0.000000 0.000000 0.000019 0.000133 0.000503 0.001379 0.003062 0.005854 0.009997 0.015639 0.022812 0.031439 0.041357 0.052338 0.064126 0.076458 0.089082 0.101774 0.114339 0.126615 0.138473 0.149811 0.160552 0.170636 0.180021 0.188677 0.196581 0.203717 0.210075 0.215648 0.220431 0.224419 0.227612 0.230008 0.231605 0.232404 0.232404 0.231605 0.230011 0.227622 0.224444 0.220485 0.215756 
0.000000 0.000000 0.000000 0.000000 0.000000 0.000000 0.000000 0.000000 0.000000 0.000000 0.000000 0.000010 0.000071 0.000287 0.000833 0.001948 0.003901 0.006949 0.011294 0.017053 0.024246 0.032801 0.042570 0.053348 0.064903 0.076992 0.089383 0.101861 0.114238 0.126356 0.138084 0.149318 0.159977 0.169999 0.179338 0.187959 0.195838 0.202957 0.209302 0.214866 0.219643 0.223627 0.226818 0.229211 0.230807 0.231605 0.231605 0.230808 0.229215 0.226830 0.223657 
0.000000 0.000000 0.000000 0.000000 0.000000 0.000000 0.000000 0.000000 0.000000 0.000000 0.000000 0.000000 0.000005 0.000038 0.000163 0.000498 0.001223 0.002562 0.004755 0.008025 0.012539 0.018393 0.025597 0.034083 0.043715 0.054309 0.065651 0.077517 0.089689 0.101964 0.114160 0.126122 0.137720 0.148848 0.159424 0.169381 0.178670 0.187254 0.195105 0.202204 0.208535 0.214089 0.218858 0.222838 0.226025 0.228416 0.230011 0.230808 0.230808 0.230012 0.228421 
0.000000 0.000000 0.000000 0.000000 0.000000 0.000000 0.000000 0.000000 0.000000 0.000000 0.000000 0.000000 0.000000 0.000002 0.000020 0.000091 0.000295 0.000759 0.001660 0.003208 0.005616 0.009078 0.013735 0.019666 0.026875 0.035295 0.044802 0.055226 0.066372 0.078030 0.089997 0.102078 0.114100 0.125910 0.137379 0.148401 0.158891 0.168781 0.178017 0.186561 0.194383 0.201459 0.207774 0.213316 0.218077 0.222051 0.225233 0.227622 0.229215 0.230012 0.230012 
